"lon","lat","species","gbifID","locality","countryCode","coordinateUncertaintyInMeters","year","basisOfRecord","issue"
-7.892006,40.187873,"Agrostis delicatula",2832313675,"Portugal - Fajão","PRT",10,2010,"HUMAN_OBSERVATION","OCCURRENCE_STATUS_INFERRED_FROM_INDIVIDUAL_COUNT;COORDINATE_ROUNDED;CONTINENT_DERIVED_FROM_COORDINATES"
-6.9,40.2,"Agrostis delicatula",31206311,"Pico Jálama. 29TPE85","ESP",NA,1988,"PRESERVED_SPECIMEN","GEODETIC_DATUM_ASSUMED_WGS84;CONTINENT_DERIVED_FROM_COORDINATES;TAXON_MATCH_HIGHERRANK;INSTITUTION_MATCH_FUZZY;COLLECTION_MATCH_FUZZY"
-6,40.1,"Agrostis delicatula",31206313,"Piornal: Entre Piornal y Garganta de la Olla. 30TTK44","ESP",NA,1988,"PRESERVED_SPECIMEN","GEODETIC_DATUM_ASSUMED_WGS84;CONTINENT_DERIVED_FROM_COORDINATES;TAXON_MATCH_HIGHERRANK;INSTITUTION_MATCH_FUZZY;COLLECTION_MATCH_FUZZY"
-6.4,40.4,"Agrostis delicatula",31206295,"Entre Horcajo y Casar del Castillo. 29TQE27","ESP",NA,1988,"PRESERVED_SPECIMEN","GEODETIC_DATUM_ASSUMED_WGS84;CONTINENT_DERIVED_FROM_COORDINATES;TAXON_MATCH_HIGHERRANK;INSTITUTION_MATCH_FUZZY;COLLECTION_MATCH_FUZZY"
-5.8,40.2,"Agrostis delicatula",31206298,"Casar de Palomero: Sierra de Santa Bárbara, Puerto del Ganso. 29TQE76","ESP",NA,1988,"PRESERVED_SPECIMEN","GEODETIC_DATUM_ASSUMED_WGS84;CONTINENT_DERIVED_FROM_COORDINATES;TAXON_MATCH_HIGHERRANK;INSTITUTION_MATCH_FUZZY;COLLECTION_MATCH_FUZZY"
-6.8,40.2,"Agrostis delicatula",31206378,"San Martín de Trevejo: Pico Jálama. 29TPE95","ESP",NA,1988,"PRESERVED_SPECIMEN","GEODETIC_DATUM_ASSUMED_WGS84;CONTINENT_DERIVED_FROM_COORDINATES;TAXON_MATCH_HIGHERRANK;INSTITUTION_MATCH_FUZZY;COLLECTION_MATCH_FUZZY"
-5.9,40.3,"Agrostis delicatula",31206300,"Hervás: 30TTK56","ESP",NA,1988,"PRESERVED_SPECIMEN","GEODETIC_DATUM_ASSUMED_WGS84;CONTINENT_DERIVED_FROM_COORDINATES;TAXON_MATCH_HIGHERRANK;INSTITUTION_MATCH_FUZZY;COLLECTION_MATCH_FUZZY"
-7.6,39.2,"Agrostis delicatula",31204956,"Crato: Junto aos muros de arinhaga. Pouco frecuentada, atrás do Touril.","PRT",NA,1983,"PRESERVED_SPECIMEN","GEODETIC_DATUM_ASSUMED_WGS84;CONTINENT_DERIVED_FROM_COORDINATES;TAXON_MATCH_HIGHERRANK;INSTITUTION_MATCH_FUZZY;COLLECTION_MATCH_FUZZY"
-6.3,40.3,"Agrostis delicatula",31206302,"Cruce a las Mestas. 29TQE37","ESP",NA,1988,"PRESERVED_SPECIMEN","GEODETIC_DATUM_ASSUMED_WGS84;CONTINENT_DERIVED_FROM_COORDINATES;TAXON_MATCH_HIGHERRANK;INSTITUTION_MATCH_FUZZY;COLLECTION_MATCH_FUZZY"
-6.1,40.48,"Agrostis delicatula",31206724,"El Portillo. La Alberca.","ESP",NA,1987,"PRESERVED_SPECIMEN","GEODETIC_DATUM_ASSUMED_WGS84;CONTINENT_DERIVED_FROM_COORDINATES;INSTITUTION_MATCH_FUZZY;COLLECTION_MATCH_FUZZY"
-7.6,39.4,"Agrostis delicatula",31206318,"Alpalhao: Entre Alpalhao y Nisa. Granitos.","PRT",NA,1986,"PRESERVED_SPECIMEN","GEODETIC_DATUM_ASSUMED_WGS84;CONTINENT_DERIVED_FROM_COORDINATES;TAXON_MATCH_HIGHERRANK;INSTITUTION_MATCH_FUZZY;COLLECTION_MATCH_FUZZY"
-6.8,39.6,"Agrostis delicatula",31205044,"Navas del Madroño: Pastizales sobre suelos arenosos, berrocal del Arroyo de la Morcuera. 29SPD99","ESP",NA,1973,"PRESERVED_SPECIMEN","GEODETIC_DATUM_ASSUMED_WGS84;CONTINENT_DERIVED_FROM_COORDINATES;TAXON_MATCH_HIGHERRANK;INSTITUTION_MATCH_FUZZY;COLLECTION_MATCH_FUZZY"
-7.4,39.2,"Agrostis delicatula",31206322,"Portalegre: Sierra de San Mamede. Penha de Santo Tomé. Alcornocales. 450 m.","PRT",NA,1986,"PRESERVED_SPECIMEN","GEODETIC_DATUM_ASSUMED_WGS84;CONTINENT_DERIVED_FROM_COORDINATES;TAXON_MATCH_HIGHERRANK;INSTITUTION_MATCH_FUZZY;COLLECTION_MATCH_FUZZY"
-5.8,40.1,"Agrostis delicatula",31206327,"Piornal: Embalse de Piornal. 30TTK64","ESP",NA,1988,"PRESERVED_SPECIMEN","GEODETIC_DATUM_ASSUMED_WGS84;CONTINENT_DERIVED_FROM_COORDINATES;TAXON_MATCH_HIGHERRANK;INSTITUTION_MATCH_FUZZY;COLLECTION_MATCH_FUZZY"
-6.05,39.83,"Agrostis delicatula",910469531,"Monfragüe, Salto del Gitano","ESP",550,2006,"PRESERVED_SPECIMEN","INSTITUTION_MATCH_NONE"
-6.51,40.32,"Agrostis delicatula",910454368,"Proximidades de Fuente de La Malena","ESP",550,2008,"PRESERVED_SPECIMEN","INSTITUTION_MATCH_NONE"
-5.65,40.22,"Agrostis delicatula",910479298,"Garganta La Serrá","ESP",550,2007,"PRESERVED_SPECIMEN","INSTITUTION_MATCH_NONE"
-8.19,41.75,"Agrostis delicatula",910489853,"Serra do Gerês","PRT",550,1958,"PRESERVED_SPECIMEN","INSTITUTION_MATCH_NONE"
-6.41,42.99,"Agrostis delicatula",2454332490,"Puerto de Leitariegos","ESP",550,2017,"PRESERVED_SPECIMEN","INSTITUTION_MATCH_NONE"
-7.5,40.12,"Agrostis delicatula",910486328,"Serra da Estrela","PRT",550,2012,"PRESERVED_SPECIMEN","INSTITUTION_MATCH_NONE"
-5.09,40.19,"Agrostis delicatula",910483819,"Senda de los Pescadores","ESP",550,2011,"PRESERVED_SPECIMEN","INSTITUTION_MATCH_NONE"
-6.26,40.38,"Agrostis delicatula",910479787,"El Cerezal, proximidades del Tejedal","ESP",550,2007,"PRESERVED_SPECIMEN","INSTITUTION_MATCH_NONE"
-5.38,39.47,"Agrostis delicatula",910471769,"Pico Villuercas, subida desde Ermita del Humilladero","ESP",550,2006,"PRESERVED_SPECIMEN","INSTITUTION_MATCH_NONE"
-0.4977,42.93096,"Agrostis delicatula",3941197438,"()","FRA",NA,2006,"HUMAN_OBSERVATION","CONTINENT_DERIVED_FROM_COORDINATES"
-3.959756,40.821623,"Agrostis delicatula",3949892981,"","ESP",10,2022,"HUMAN_OBSERVATION","COORDINATE_ROUNDED;COUNTRY_DERIVED_FROM_COORDINATES;CONTINENT_DERIVED_FROM_COORDINATES"
-7.280718,41.345306,"Agrostis delicatula",3010354375,"","PRT",5,2015,"HUMAN_OBSERVATION","COORDINATE_ROUNDED;TAXON_MATCH_FUZZY"
-7.362826,41.303543,"Agrostis delicatula",3010385762,"","PRT",5,2016,"HUMAN_OBSERVATION","COORDINATE_ROUNDED;TAXON_MATCH_FUZZY"
-7.391524,41.33346,"Agrostis delicatula",3010411197,"","PRT",5,2017,"HUMAN_OBSERVATION","COORDINATE_ROUNDED;TAXON_MATCH_FUZZY"
-3.511752,41.138618,"Agrostis delicatula",2901600764,"","ESP",NA,2018,"HUMAN_OBSERVATION","COORDINATE_ROUNDED;CONTINENT_DERIVED_FROM_COORDINATES"
-1.65,40.15,"Agrostis delicatula",895291596,"Tejadillos; El Malojal","ESP",7071,1996,"PRESERVED_SPECIMEN","OCCURRENCE_STATUS_INFERRED_FROM_INDIVIDUAL_COUNT;GEODETIC_DATUM_ASSUMED_WGS84;CONTINENT_DERIVED_FROM_COORDINATES;TAXON_MATCH_HIGHERRANK;INSTITUTION_MATCH_FUZZY;COLLECTION_MATCH_FUZZY"
-4.36,40.6,"Agrostis delicatula",895275365,"Malagón; Sª de Malagón, Pto. de la Lancha","ESP",7071,1965,"PRESERVED_SPECIMEN","OCCURRENCE_STATUS_INFERRED_FROM_INDIVIDUAL_COUNT;GEODETIC_DATUM_ASSUMED_WGS84;CONTINENT_DERIVED_FROM_COORDINATES;INSTITUTION_MATCH_FUZZY;COLLECTION_MATCH_FUZZY"
-2.58,41.07,"Agrostis delicatula",895145403,"Sigüenza; pr. el Barrancazo","ESP",707,1998,"PRESERVED_SPECIMEN","OCCURRENCE_STATUS_INFERRED_FROM_INDIVIDUAL_COUNT;GEODETIC_DATUM_ASSUMED_WGS84;CONTINENT_DERIVED_FROM_COORDINATES;TAXON_MATCH_HIGHERRANK;INSTITUTION_MATCH_FUZZY;COLLECTION_MATCH_FUZZY"
-2.11,40.87,"Agrostis delicatula",895151565,"Cobeta; Junto a la ermita de Montesinos","ESP",7071,1985,"PRESERVED_SPECIMEN","OCCURRENCE_STATUS_INFERRED_FROM_INDIVIDUAL_COUNT;GEODETIC_DATUM_ASSUMED_WGS84;CONTINENT_DERIVED_FROM_COORDINATES;INSTITUTION_MATCH_FUZZY;COLLECTION_MATCH_FUZZY"
-3.18,41.33,"Agrostis delicatula",895256629,"Montejo de Tiermes; pr. Tiermes","ESP",7071,1984,"PRESERVED_SPECIMEN","OCCURRENCE_STATUS_INFERRED_FROM_INDIVIDUAL_COUNT;GEODETIC_DATUM_ASSUMED_WGS84;CONTINENT_DERIVED_FROM_COORDINATES;TAXON_MATCH_HIGHERRANK;INSTITUTION_MATCH_FUZZY;COLLECTION_MATCH_FUZZY"
-5.3,40.4,"Agrostis delicatula",895289565,"Santiago del Collado; puerto de la Peña Negra","ESP",7071,1995,"PRESERVED_SPECIMEN","OCCURRENCE_STATUS_INFERRED_FROM_INDIVIDUAL_COUNT;GEODETIC_DATUM_ASSUMED_WGS84;CONTINENT_DERIVED_FROM_COORDINATES;TAXON_MATCH_HIGHERRANK;INSTITUTION_MATCH_FUZZY;COLLECTION_MATCH_FUZZY"
-3.77,42.89,"Agrostis delicatula",2558236339,"Población de Arreba","ESP",707,1988,"PRESERVED_SPECIMEN","OCCURRENCE_STATUS_INFERRED_FROM_INDIVIDUAL_COUNT;GEODETIC_DATUM_ASSUMED_WGS84;CONTINENT_DERIVED_FROM_COORDINATES;TAXON_MATCH_HIGHERRANK;INSTITUTION_MATCH_FUZZY;COLLECTION_MATCH_FUZZY"
-3.06,41.15,"Agrostis delicatula",895151535,"Aldeanueva de Atienza;","ESP",7071,1985,"PRESERVED_SPECIMEN","OCCURRENCE_STATUS_INFERRED_FROM_INDIVIDUAL_COUNT;GEODETIC_DATUM_ASSUMED_WGS84;CONTINENT_DERIVED_FROM_COORDINATES;INSTITUTION_MATCH_FUZZY;COLLECTION_MATCH_FUZZY"
-2.58,42.14,"Agrostis delicatula",895289269,"Laguna de Cameros; Collado de Sancho Leza","ESP",7071,1992,"PRESERVED_SPECIMEN","OCCURRENCE_STATUS_INFERRED_FROM_INDIVIDUAL_COUNT;GEODETIC_DATUM_ASSUMED_WGS84;CONTINENT_DERIVED_FROM_COORDINATES;TAXON_MATCH_HIGHERRANK;INSTITUTION_MATCH_FUZZY;COLLECTION_MATCH_FUZZY"
-1.76,40.42,"Agrostis delicatula",895286990,"Guadalaviar; el Collado","ESP",7071,1995,"PRESERVED_SPECIMEN","OCCURRENCE_STATUS_INFERRED_FROM_INDIVIDUAL_COUNT;GEODETIC_DATUM_ASSUMED_WGS84;CONTINENT_DERIVED_FROM_COORDINATES;TAXON_MATCH_HIGHERRANK;INSTITUTION_MATCH_FUZZY;COLLECTION_MATCH_FUZZY"
-1.64,40.51,"Agrostis delicatula",895151503,"Orihuela del Tremedal;","ESP",7071,1985,"PRESERVED_SPECIMEN","OCCURRENCE_STATUS_INFERRED_FROM_INDIVIDUAL_COUNT;GEODETIC_DATUM_ASSUMED_WGS84;CONTINENT_DERIVED_FROM_COORDINATES;INSTITUTION_MATCH_FUZZY;COLLECTION_MATCH_FUZZY"
-2.7,41.69,"Agrostis delicatula",895276072,"Las Fraguas;","ESP",7071,1992,"PRESERVED_SPECIMEN","OCCURRENCE_STATUS_INFERRED_FROM_INDIVIDUAL_COUNT;GEODETIC_DATUM_ASSUMED_WGS84;CONTINENT_DERIVED_FROM_COORDINATES;INSTITUTION_MATCH_FUZZY;COLLECTION_MATCH_FUZZY"
-2.94,41.78,"Agrostis delicatula",895262809,"Muriel de la Fuente;","ESP",7071,1988,"PRESERVED_SPECIMEN","OCCURRENCE_STATUS_INFERRED_FROM_INDIVIDUAL_COUNT;GEODETIC_DATUM_ASSUMED_WGS84;CONTINENT_DERIVED_FROM_COORDINATES;INSTITUTION_MATCH_FUZZY;COLLECTION_MATCH_FUZZY"
-3.18,41.78,"Agrostis delicatula",895273415,"Santa María de las Hoyas;","ESP",7071,1991,"PRESERVED_SPECIMEN","OCCURRENCE_STATUS_INFERRED_FROM_INDIVIDUAL_COUNT;GEODETIC_DATUM_ASSUMED_WGS84;CONTINENT_DERIVED_FROM_COORDINATES;INSTITUTION_MATCH_FUZZY;COLLECTION_MATCH_FUZZY"
-2.94,41.96,"Agrostis delicatula",895278055,"Duruelo de la Sierra; hacia los altos de Urbión","ESP",7071,1993,"PRESERVED_SPECIMEN","OCCURRENCE_STATUS_INFERRED_FROM_INDIVIDUAL_COUNT;GEODETIC_DATUM_ASSUMED_WGS84;CONTINENT_DERIVED_FROM_COORDINATES;INSTITUTION_MATCH_FUZZY;COLLECTION_MATCH_FUZZY"
-2.29,40.87,"Agrostis delicatula",895229996,"Riba de Saelices, La Majadilla","ESP",707,1996,"PRESERVED_SPECIMEN","OCCURRENCE_STATUS_INFERRED_FROM_INDIVIDUAL_COUNT;GEODETIC_DATUM_ASSUMED_WGS84;CONTINENT_DERIVED_FROM_COORDINATES;INSTITUTION_MATCH_FUZZY;COLLECTION_MATCH_FUZZY"
-2.82,41.96,"Agrostis delicatula",895262770,"Covaleda; Laguna Helada de Urbión","ESP",7071,1988,"PRESERVED_SPECIMEN","OCCURRENCE_STATUS_INFERRED_FROM_INDIVIDUAL_COUNT;GEODETIC_DATUM_ASSUMED_WGS84;CONTINENT_DERIVED_FROM_COORDINATES;INSTITUTION_MATCH_FUZZY;COLLECTION_MATCH_FUZZY"
-4.73,40.12,"Agrostis delicatula",895195639,"Hinojosa de San Vicente, monte San Vicente","ESP",707,2005,"PRESERVED_SPECIMEN","OCCURRENCE_STATUS_INFERRED_FROM_INDIVIDUAL_COUNT;GEODETIC_DATUM_ASSUMED_WGS84;CONTINENT_DERIVED_FROM_COORDINATES;TAXON_MATCH_HIGHERRANK;INSTITUTION_MATCH_FUZZY;COLLECTION_MATCH_FUZZY"
-8.1,41.84,"Agrostis delicatula",2558258649,"Lobios, Corga da Fecha","ESP",NA,2017,"PRESERVED_SPECIMEN","OCCURRENCE_STATUS_INFERRED_FROM_INDIVIDUAL_COUNT;GEODETIC_DATUM_ASSUMED_WGS84;CONTINENT_DERIVED_FROM_COORDINATES;TAXON_MATCH_HIGHERRANK;INSTITUTION_MATCH_FUZZY;COLLECTION_MATCH_FUZZY"
-7.93,41.91,"Agrostis delicatula",2558259583,"Requiás, Valle del Sodas, Regato de la Ponta Nova, alrededores del puente","ESP",NA,2017,"PRESERVED_SPECIMEN","OCCURRENCE_STATUS_INFERRED_FROM_INDIVIDUAL_COUNT;GEODETIC_DATUM_ASSUMED_WGS84;CONTINENT_DERIVED_FROM_COORDINATES;TAXON_MATCH_HIGHERRANK;INSTITUTION_MATCH_FUZZY;COLLECTION_MATCH_FUZZY"
-1.63,40.47,"Agrostis delicatula",895178423,"Noguera de Albarracin, Los Callejones","ESP",707,2005,"PRESERVED_SPECIMEN","OCCURRENCE_STATUS_INFERRED_FROM_INDIVIDUAL_COUNT;GEODETIC_DATUM_ASSUMED_WGS84;CONTINENT_DERIVED_FROM_COORDINATES;TAXON_MATCH_HIGHERRANK;INSTITUTION_MATCH_FUZZY;COLLECTION_MATCH_FUZZY"
-2.58,41.78,"Agrostis delicatula",895273413,"Villaciervos;","ESP",7071,1991,"PRESERVED_SPECIMEN","OCCURRENCE_STATUS_INFERRED_FROM_INDIVIDUAL_COUNT;GEODETIC_DATUM_ASSUMED_WGS84;CONTINENT_DERIVED_FROM_COORDINATES;INSTITUTION_MATCH_FUZZY;COLLECTION_MATCH_FUZZY"
-8.16,42.01,"Agrostis delicatula",895219384,"Viana do Castelo, Melgaço, al sur de Castro Laboreiro en el entorno del pueblo abandonado de Barreiro","PRT",NA,2010,"PRESERVED_SPECIMEN","OCCURRENCE_STATUS_INFERRED_FROM_INDIVIDUAL_COUNT;GEODETIC_DATUM_ASSUMED_WGS84;CONTINENT_DERIVED_FROM_COORDINATES;TAXON_MATCH_HIGHERRANK;INSTITUTION_MATCH_FUZZY;COLLECTION_MATCH_FUZZY"
-4.01,40.78,"Agrostis delicatula",895287022,"La Granja de San Ildefonso; Puerto de Cotos","ESP",7071,1995,"PRESERVED_SPECIMEN","OCCURRENCE_STATUS_INFERRED_FROM_INDIVIDUAL_COUNT;GEODETIC_DATUM_ASSUMED_WGS84;CONTINENT_DERIVED_FROM_COORDINATES;TAXON_MATCH_HIGHERRANK;INSTITUTION_MATCH_FUZZY;COLLECTION_MATCH_FUZZY"
-3.18,41.87,"Agrostis delicatula",895278067,"Navas del Pinar; hacia Espejón","ESP",7071,1993,"PRESERVED_SPECIMEN","OCCURRENCE_STATUS_INFERRED_FROM_INDIVIDUAL_COUNT;GEODETIC_DATUM_ASSUMED_WGS84;CONTINENT_DERIVED_FROM_COORDINATES;INSTITUTION_MATCH_FUZZY;COLLECTION_MATCH_FUZZY"
-2.94,38.53,"Agrostis delicatula",895153893,"Entre Puebla del Príncipe y Villamanrique","ESP",7071,1988,"PRESERVED_SPECIMEN","OCCURRENCE_STATUS_INFERRED_FROM_INDIVIDUAL_COUNT;GEODETIC_DATUM_ASSUMED_WGS84;CONTINENT_DERIVED_FROM_COORDINATES;INSTITUTION_MATCH_FUZZY;COLLECTION_MATCH_FUZZY"
-1.75,40.87,"Agrostis delicatula",895279492,"Molina de Aragón;","ESP",7071,1992,"PRESERVED_SPECIMEN","OCCURRENCE_STATUS_INFERRED_FROM_INDIVIDUAL_COUNT;GEODETIC_DATUM_ASSUMED_WGS84;CONTINENT_DERIVED_FROM_COORDINATES;INSTITUTION_MATCH_FUZZY;COLLECTION_MATCH_FUZZY"
-4.0892,38.4003,"Agrostis delicatula",1936522315,"Solana del Pino, alrededores de Puerto Madrona","ESP",NA,1997,"PRESERVED_SPECIMEN","GEODETIC_DATUM_ASSUMED_WGS84;CONTINENT_DERIVED_FROM_COORDINATES;INSTITUTION_MATCH_FUZZY;COLLECTION_MATCH_FUZZY"
-4.8053,40.3311,"Agrostis delicatula",1936217155,"Puerto de Mijares, montaña Gamonosa","ESP",NA,2008,"PRESERVED_SPECIMEN","GEODETIC_DATUM_ASSUMED_WGS84;CONTINENT_DERIVED_FROM_COORDINATES;TAXON_MATCH_HIGHERRANK;INSTITUTION_MATCH_FUZZY;COLLECTION_MATCH_FUZZY"
-7.50021,40.10505,"Agrostis delicatula",1936250696,"Castelo Branco, Fundão zona alta de la sierra de la Garduña","PRT",NA,2011,"PRESERVED_SPECIMEN","GEODETIC_DATUM_ASSUMED_WGS84;CONTINENT_DERIVED_FROM_COORDINATES;INSTITUTION_MATCH_FUZZY;COLLECTION_MATCH_FUZZY"
-3.730297,40.793583,"Agrostis delicatula",1936246593,"Prope Guadalix de la Sierra, Las Huelgas, río Guadalix","ESP",NA,2010,"PRESERVED_SPECIMEN","COORDINATE_ROUNDED;GEODETIC_DATUM_ASSUMED_WGS84;CONTINENT_DERIVED_FROM_COORDINATES;INSTITUTION_MATCH_FUZZY;COLLECTION_MATCH_FUZZY"
-3.7401,41.1421,"Agrostis delicatula",1936560516,"Orejana, Sanchopedro","ESP",NA,1988,"PRESERVED_SPECIMEN","GEODETIC_DATUM_ASSUMED_WGS84;CONTINENT_DERIVED_FROM_COORDINATES;TAXON_MATCH_HIGHERRANK;INSTITUTION_MATCH_FUZZY;COLLECTION_MATCH_FUZZY"
-4.2264,38.39,"Agrostis delicatula",1936522429,"Fuencaliente, Sierra Quintana, Barrio del Pino","ESP",NA,1997,"PRESERVED_SPECIMEN","GEODETIC_DATUM_ASSUMED_WGS84;CONTINENT_DERIVED_FROM_COORDINATES;INSTITUTION_MATCH_FUZZY;COLLECTION_MATCH_FUZZY"
-3.420797,41.215866,"Agrostis delicatula",1576192926,"_","ESP",NA,2005,"PRESERVED_SPECIMEN","COORDINATE_ROUNDED;GEODETIC_DATUM_ASSUMED_WGS84;CONTINENT_DERIVED_FROM_COORDINATES;INSTITUTION_MATCH_NONE"
-4.578618,40.336704,"Agrostis delicatula",1576192895,"_","ESP",NA,2007,"PRESERVED_SPECIMEN","COORDINATE_ROUNDED;GEODETIC_DATUM_ASSUMED_WGS84;CONTINENT_DERIVED_FROM_COORDINATES;INSTITUTION_MATCH_NONE"
-3.488494,41.10317,"Agrostis delicatula",1576192886,"_","ESP",NA,2011,"PRESERVED_SPECIMEN","COORDINATE_ROUNDED;GEODETIC_DATUM_ASSUMED_WGS84;CONTINENT_DERIVED_FROM_COORDINATES;INSTITUTION_MATCH_NONE"
-3.79,43.02,"Agrostis delicatula",2597209931,"Merindad de Valdeporrres, Robredo de las Pueblas","ESP",707,2015,"PRESERVED_SPECIMEN","OCCURRENCE_STATUS_INFERRED_FROM_INDIVIDUAL_COUNT;GEODETIC_DATUM_ASSUMED_WGS84;CONTINENT_DERIVED_FROM_COORDINATES;INSTITUTION_MATCH_FUZZY;COLLECTION_MATCH_FUZZY"
-4.54,37.96,"Agrostis delicatula",115859245,"Sierra de Villafranca, Nardeteas","ESP",707,1977,"PRESERVED_SPECIMEN","OCCURRENCE_STATUS_INFERRED_FROM_INDIVIDUAL_COUNT;GEODETIC_DATUM_ASSUMED_WGS84;CONTINENT_DERIVED_FROM_COORDINATES;INSTITUTION_MATCH_FUZZY;COLLECTION_MATCH_FUZZY"
-4.24,40.6,"Agrostis delicatula",115859233,"Peregrinos, Puerto de los Leones","ESP",7071,1983,"PRESERVED_SPECIMEN","OCCURRENCE_STATUS_INFERRED_FROM_INDIVIDUAL_COUNT;GEODETIC_DATUM_ASSUMED_WGS84;CONTINENT_DERIVED_FROM_COORDINATES;INSTITUTION_MATCH_FUZZY;COLLECTION_MATCH_FUZZY"
-3.96,40.85,"Agrostis delicatula",115859243,"Peñalara","ESP",707,1982,"PRESERVED_SPECIMEN","OCCURRENCE_STATUS_INFERRED_FROM_INDIVIDUAL_COUNT;GEODETIC_DATUM_ASSUMED_WGS84;CONTINENT_DERIVED_FROM_COORDINATES;INSTITUTION_MATCH_FUZZY;COLLECTION_MATCH_FUZZY"
-3.67,40.19,"Agrostis delicatula",115859822,"Valdemoro?","ESP",707,1972,"PRESERVED_SPECIMEN","OCCURRENCE_STATUS_INFERRED_FROM_INDIVIDUAL_COUNT;RECORDED_DATE_INVALID;GEODETIC_DATUM_ASSUMED_WGS84;CONTINENT_DERIVED_FROM_COORDINATES;INSTITUTION_MATCH_FUZZY;COLLECTION_MATCH_FUZZY"
-5.77,40.39,"Agrostis delicatula",318101348,"Béjar","ESP",7071,1973,"PRESERVED_SPECIMEN","OCCURRENCE_STATUS_INFERRED_FROM_INDIVIDUAL_COUNT;GEODETIC_DATUM_ASSUMED_WGS84;CONTINENT_DERIVED_FROM_COORDINATES;INSTITUTION_MATCH_FUZZY;COLLECTION_MATCH_FUZZY"
-3.916667,42.95,"Agrostis delicatula",2517465499,"Santa Gadea, prov. Burgos.","ESP",NA,1981,"PRESERVED_SPECIMEN","INSTITUTION_MATCH_FUZZY;INSTITUTION_COLLECTION_MISMATCH"
-6.695,37.948,"Agrostis delicatula",188532244,"cerca del municipio, Loma Pitoso","ESP",707,1997,"PRESERVED_SPECIMEN","OCCURRENCE_STATUS_INFERRED_FROM_INDIVIDUAL_COUNT;GEODETIC_DATUM_ASSUMED_WGS84;CONTINENT_DERIVED_FROM_COORDINATES;INSTITUTION_MATCH_FUZZY;COLLECTION_MATCH_NONE"
-7.32,39.42,"Agrostis delicatula",235645066,"Sierra Peñas del Pino","ESP",7071,1987,"PRESERVED_SPECIMEN","OCCURRENCE_STATUS_INFERRED_FROM_INDIVIDUAL_COUNT;GEODETIC_DATUM_ASSUMED_WGS84;CONTINENT_DERIVED_FROM_COORDINATES;TAXON_MATCH_HIGHERRANK;INSTITUTION_MATCH_FUZZY;COLLECTION_MATCH_NONE"
-7.73494,41.85995,"Agrostis delicatula",1075176090,"","PRT",NA,2013,"HUMAN_OBSERVATION","CONTINENT_DERIVED_FROM_COORDINATES"
-7.857,41.77116,"Agrostis delicatula",1075217448,"","PRT",NA,2014,"HUMAN_OBSERVATION","CONTINENT_DERIVED_FROM_COORDINATES"
-8.10994,40.87264,"Agrostis delicatula",1248865694,"","PRT",NA,2004,"HUMAN_OBSERVATION","CONTINENT_DERIVED_FROM_COORDINATES;TAXON_MATCH_HIGHERRANK"
-7.98991,40.96173,"Agrostis delicatula",1248865695,"","PRT",NA,2005,"HUMAN_OBSERVATION","CONTINENT_DERIVED_FROM_COORDINATES;TAXON_MATCH_HIGHERRANK"
-7.64629,40.32762,"Agrostis delicatula",1075153175,"","PRT",NA,2012,"HUMAN_OBSERVATION","CONTINENT_DERIVED_FROM_COORDINATES"
-7.8861,40.0599,"Agrostis delicatula",1075218394,"","PRT",NA,1997,"HUMAN_OBSERVATION","CONTINENT_DERIVED_FROM_COORDINATES;TAXON_MATCH_HIGHERRANK"
-7.41931,39.96438,"Agrostis delicatula",1248873299,"","PRT",NA,2013,"HUMAN_OBSERVATION","CONTINENT_DERIVED_FROM_COORDINATES;TAXON_MATCH_HIGHERRANK"
-8.58061,41.50586,"Agrostis delicatula",1075171208,"","PRT",NA,2013,"HUMAN_OBSERVATION","CONTINENT_DERIVED_FROM_COORDINATES"
-7.63534,40.868,"Agrostis delicatula",1248865719,"","PRT",NA,2005,"HUMAN_OBSERVATION","CONTINENT_DERIVED_FROM_COORDINATES;TAXON_MATCH_HIGHERRANK"
-7.89047,39.78965,"Agrostis delicatula",1248873284,"","PRT",NA,2012,"HUMAN_OBSERVATION","CONTINENT_DERIVED_FROM_COORDINATES;TAXON_MATCH_HIGHERRANK"
-8.21681,41.86424,"Agrostis delicatula",1248873313,"","PRT",NA,2013,"HUMAN_OBSERVATION","CONTINENT_DERIVED_FROM_COORDINATES"
-8.09886,41.68324,"Agrostis delicatula",1248829201,"","PRT",NA,2015,"HUMAN_OBSERVATION","CONTINENT_DERIVED_FROM_COORDINATES"
-7.51268,41.04664,"Agrostis delicatula",1075159893,"","PRT",NA,2005,"HUMAN_OBSERVATION","CONTINENT_DERIVED_FROM_COORDINATES;TAXON_MATCH_HIGHERRANK"
-7.52665,40.41624,"Agrostis delicatula",1075153736,"","PRT",NA,2012,"HUMAN_OBSERVATION","CONTINENT_DERIVED_FROM_COORDINATES"
-8.57827,41.86614,"Agrostis delicatula",1075172296,"","PRT",NA,2013,"HUMAN_OBSERVATION","CONTINENT_DERIVED_FROM_COORDINATES"
-7.73847,41.67985,"Agrostis delicatula",1075217878,"","PRT",NA,2014,"HUMAN_OBSERVATION","CONTINENT_DERIVED_FROM_COORDINATES"
-8.33822,41.77494,"Agrostis delicatula",1248852113,"","PRT",NA,2015,"HUMAN_OBSERVATION","CONTINENT_DERIVED_FROM_COORDINATES"
-6.81694,40.4951,"Agrostis delicatula",1075174451,"","PRT",NA,2013,"HUMAN_OBSERVATION","CONTINENT_DERIVED_FROM_COORDINATES"
-7.27948,40.86324,"Agrostis delicatula",1075177269,"","PRT",NA,2013,"HUMAN_OBSERVATION","CONTINENT_DERIVED_FROM_COORDINATES"
-8.12403,39.79165,"Agrostis delicatula",1248873266,"","PRT",NA,2012,"HUMAN_OBSERVATION","CONTINENT_DERIVED_FROM_COORDINATES"
-7.77689,39.60831,"Agrostis delicatula",1248873256,"","PRT",NA,2013,"HUMAN_OBSERVATION","CONTINENT_DERIVED_FROM_COORDINATES;TAXON_MATCH_HIGHERRANK"
-8.23882,39.97266,"Agrostis delicatula",1075178026,"","PRT",NA,2013,"HUMAN_OBSERVATION","CONTINENT_DERIVED_FROM_COORDINATES;TAXON_MATCH_HIGHERRANK"
-7.76562,40.23886,"Agrostis delicatula",1075218419,"","PRT",NA,1998,"HUMAN_OBSERVATION","CONTINENT_DERIVED_FROM_COORDINATES;TAXON_MATCH_HIGHERRANK"
-7.49825,41.67696,"Agrostis delicatula",1248820614,"","PRT",NA,2015,"HUMAN_OBSERVATION","CONTINENT_DERIVED_FROM_COORDINATES"
-7.89335,39.60948,"Agrostis delicatula",1248873281,"","PRT",NA,2013,"HUMAN_OBSERVATION","CONTINENT_DERIVED_FROM_COORDINATES;TAXON_MATCH_HIGHERRANK"
-7.4316,39.42397,"Agrostis delicatula",1248850646,"","PRT",NA,1996,"HUMAN_OBSERVATION","CONTINENT_DERIVED_FROM_COORDINATES;TAXON_MATCH_HIGHERRANK"
-7.86956,41.05069,"Agrostis delicatula",1248865676,"","PRT",NA,2005,"HUMAN_OBSERVATION","CONTINENT_DERIVED_FROM_COORDINATES;TAXON_MATCH_HIGHERRANK"
-7.7737,39.78848,"Agrostis delicatula",1248873303,"","PRT",NA,2012,"HUMAN_OBSERVATION","CONTINENT_DERIVED_FROM_COORDINATES;TAXON_MATCH_HIGHERRANK"
-5.46,36.431,"Agrostis delicatula",199456393,"Jimena de la Frontera; Río Hozgarganta","ESP",707,1985,"PRESERVED_SPECIMEN","OCCURRENCE_STATUS_INFERRED_FROM_INDIVIDUAL_COUNT;GEODETIC_DATUM_ASSUMED_WGS84;CONTINENT_DERIVED_FROM_COORDINATES;INSTITUTION_MATCH_FUZZY;COLLECTION_MATCH_NONE"
-4.06,41.77,"Agrostis delicatula",3812248880,"Encinas de Esgueva, zanja en Valdelahiguera","ESP",707,1982,"PRESERVED_SPECIMEN","GEODETIC_DATUM_ASSUMED_WGS84;CONTINENT_DERIVED_FROM_COORDINATES;INSTITUTION_MATCH_FUZZY;COLLECTION_MATCH_FUZZY"
-3.16,41.17,"Agrostis delicatula",3812252620,"Valdepinillos","ESP",71,1992,"PRESERVED_SPECIMEN","GEODETIC_DATUM_ASSUMED_WGS84;CONTINENT_DERIVED_FROM_COORDINATES;INSTITUTION_MATCH_FUZZY;COLLECTION_MATCH_FUZZY"
-4.19,41.26,"Agrostis delicatula",3812255649,"Grado del Pico","ESP",71,1992,"PRESERVED_SPECIMEN","GEODETIC_DATUM_ASSUMED_WGS84;CONTINENT_DERIVED_FROM_COORDINATES;INSTITUTION_MATCH_FUZZY;COLLECTION_MATCH_FUZZY"
-4.2,40.68,"Agrostis delicatula",3812255647,"Peguerinos","ESP",71,1993,"PRESERVED_SPECIMEN","GEODETIC_DATUM_ASSUMED_WGS84;CONTINENT_DERIVED_FROM_COORDINATES;INSTITUTION_MATCH_FUZZY;COLLECTION_MATCH_FUZZY"
-3.82,41,"Agrostis delicatula",3812255718,"Puerto de Navafría","ESP",71,1993,"PRESERVED_SPECIMEN","GEODETIC_DATUM_ASSUMED_WGS84;CONTINENT_DERIVED_FROM_COORDINATES;INSTITUTION_MATCH_FUZZY;COLLECTION_MATCH_FUZZY"
-5.16,40.34,"Agrostis delicatula",3812256834,"Hoyos del Espino","ESP",71,1993,"PRESERVED_SPECIMEN","GEODETIC_DATUM_ASSUMED_WGS84;CONTINENT_DERIVED_FROM_COORDINATES;INSTITUTION_MATCH_FUZZY;COLLECTION_MATCH_FUZZY"
-0.8437,42.9524,"Agrostis delicatula",1936635916,"Isaba, Lakora.","ESP",NA,1989,"PRESERVED_SPECIMEN","GEODETIC_DATUM_ASSUMED_WGS84;CONTINENT_DERIVED_FROM_COORDINATES;INSTITUTION_MATCH_FUZZY;COLLECTION_MATCH_FUZZY"
-3.8585,41.0872,"Agrostis delicatula",1936560181,"Torre Val de San Pedro, saliendo de Val de San Pedro hacia La Velilla","ESP",NA,1986,"PRESERVED_SPECIMEN","GEODETIC_DATUM_ASSUMED_WGS84;CONTINENT_DERIVED_FROM_COORDINATES;TAXON_MATCH_HIGHERRANK;INSTITUTION_MATCH_FUZZY;COLLECTION_MATCH_FUZZY"
-3.8398,41.4837,"Agrostis delicatula",1936581523,"Puerto de Navafría","ESP",NA,1993,"PRESERVED_SPECIMEN","GEODETIC_DATUM_ASSUMED_WGS84;CONTINENT_DERIVED_FROM_COORDINATES;TAXON_MATCH_HIGHERRANK;INSTITUTION_MATCH_FUZZY;COLLECTION_MATCH_FUZZY"
-5.240894,42.714083,"Agrostis delicatula",1936276357,"Gradefes, San Bartolomé de Rueda, carretera de Valdealcón","ESP",NA,2006,"PRESERVED_SPECIMEN","COORDINATE_ROUNDED;GEODETIC_DATUM_ASSUMED_WGS84;CONTINENT_DERIVED_FROM_COORDINATES;TAXON_MATCH_HIGHERRANK;INSTITUTION_MATCH_FUZZY;COLLECTION_MATCH_FUZZY"
-6.95752,40.74697,"Agrostis delicatula",1936249495,"Guarda, Almeida, cantera de río Coa en al norte de las Termas de Fonte Santa","PRT",NA,2011,"PRESERVED_SPECIMEN","GEODETIC_DATUM_ASSUMED_WGS84;CONTINENT_DERIVED_FROM_COORDINATES;INSTITUTION_MATCH_FUZZY;COLLECTION_MATCH_FUZZY"
-4.0101,40.8788,"Agrostis delicatula",1936561477,"La Granja, Pradera de Navalhorno","ESP",NA,1988,"PRESERVED_SPECIMEN","GEODETIC_DATUM_ASSUMED_WGS84;CONTINENT_DERIVED_FROM_COORDINATES;TAXON_MATCH_HIGHERRANK;INSTITUTION_MATCH_FUZZY;COLLECTION_MATCH_FUZZY"
-4.1948,39.9221,"Agrostis delicatula",1936580167,"Peguerinos","ESP",NA,1993,"PRESERVED_SPECIMEN","GEODETIC_DATUM_ASSUMED_WGS84;CONTINENT_DERIVED_FROM_COORDINATES;INSTITUTION_MATCH_FUZZY;COLLECTION_MATCH_FUZZY"
-5.93,39.87,"Agrostis delicatula",3033609584,"Toril. El Chiquero","ESP",1062,1982,"PRESERVED_SPECIMEN","GEODETIC_DATUM_ASSUMED_WGS84;CONTINENT_DERIVED_FROM_COORDINATES;DIFFERENT_OWNER_INSTITUTION"
-8.83,43.33,"Agrostis delicatula",3033609593,"Cabo de San Adrián","ESP",2791,1982,"PRESERVED_SPECIMEN","GEODETIC_DATUM_ASSUMED_WGS84;CONTINENT_DERIVED_FROM_COORDINATES;DIFFERENT_OWNER_INSTITUTION"
-5.79,39.81,"Agrostis delicatula",3033611593,"Serrejón","ESP",7336,1982,"PRESERVED_SPECIMEN","GEODETIC_DATUM_ASSUMED_WGS84;CONTINENT_DERIVED_FROM_COORDINATES;DIFFERENT_OWNER_INSTITUTION"
-5.96,41.31,"Agrostis delicatula",3033677592,"Zamora: Fresno de Sayago","ESP",7317,1979,"PRESERVED_SPECIMEN","GEODETIC_DATUM_ASSUMED_WGS84;CONTINENT_DERIVED_FROM_COORDINATES;DIFFERENT_OWNER_INSTITUTION"
-6.822766,41.315778,"Agrostis delicatula",3009415301,"","PRT",5,2011,"HUMAN_OBSERVATION","COORDINATE_ROUNDED;TAXON_MATCH_FUZZY"
-7.096646,41.200761,"Agrostis delicatula",3009415775,"","PRT",5,2012,"HUMAN_OBSERVATION","COORDINATE_ROUNDED;TAXON_MATCH_FUZZY"
-6.725883,41.43612,"Agrostis delicatula",3009421928,"","PRT",5,2013,"HUMAN_OBSERVATION","COORDINATE_ROUNDED;TAXON_MATCH_FUZZY"
-6.864276,41.307157,"Agrostis delicatula",3009432244,"","PRT",5,2010,"HUMAN_OBSERVATION","COORDINATE_ROUNDED;TAXON_MATCH_FUZZY"
-6.926893,41.35509,"Agrostis delicatula",3009620573,"","PRT",5,2011,"HUMAN_OBSERVATION","COORDINATE_ROUNDED;TAXON_MATCH_FUZZY"
-8.17371,40.95759,"Agrostis delicatula",1842850181,"Arouca, Canelas, Rio Paiva, junto a Ponte do Alrarenga","PRT",1,2007,"PRESERVED_SPECIMEN","GEODETIC_DATUM_ASSUMED_WGS84;CONTINENT_DERIVED_FROM_COORDINATES;INSTITUTION_MATCH_NONE"
-5.52,40.35,"Agrostis delicatula",2521431432,"El Barco de Avila; Carretera a El Barco","ESP",5000,1983,"PRESERVED_SPECIMEN","GEODETIC_DATUM_ASSUMED_WGS84;CONTINENT_DERIVED_FROM_COORDINATES;TAXON_MATCH_HIGHERRANK;INSTITUTION_MATCH_NONE"
-8.468,43.1918,"Agrostis delicatula",2521363909,"Cerceda; Cerceda","ESP",500,1960,"PRESERVED_SPECIMEN","GEODETIC_DATUM_ASSUMED_WGS84;CONTINENT_DERIVED_FROM_COORDINATES;TAXON_MATCH_HIGHERRANK;INSTITUTION_MATCH_NONE"
-2.97,42.24,"Agrostis delicatula",860304133,"Base del monte San Lorenzo","ESP",707,1995,"PRESERVED_SPECIMEN","GEODETIC_DATUM_ASSUMED_WGS84;CONTINENT_DERIVED_FROM_COORDINATES;INSTITUTION_MATCH_FUZZY;COLLECTION_MATCH_FUZZY"
-6.55,43.46,"Agrostis delicatula",85260964,"Valdés. El Estoupo","ESP",NA,1974,"PRESERVED_SPECIMEN","INDIVIDUAL_COUNT_INVALID;GEODETIC_DATUM_ASSUMED_WGS84;CONTINENT_DERIVED_FROM_COORDINATES;INSTITUTION_MATCH_FUZZY;COLLECTION_MATCH_FUZZY"
-6.44,43.5,"Agrostis delicatula",85261310,"Valdés. Trevías","ESP",NA,1974,"PRESERVED_SPECIMEN","INDIVIDUAL_COUNT_INVALID;GEODETIC_DATUM_ASSUMED_WGS84;CONTINENT_DERIVED_FROM_COORDINATES;INSTITUTION_MATCH_FUZZY;COLLECTION_MATCH_FUZZY"
-6.01,43.25,"Agrostis delicatula",85264030,"Proaza. Proaza","ESP",NA,1971,"PRESERVED_SPECIMEN","INDIVIDUAL_COUNT_INVALID;GEODETIC_DATUM_ASSUMED_WGS84;CONTINENT_DERIVED_FROM_COORDINATES;INSTITUTION_MATCH_FUZZY;COLLECTION_MATCH_FUZZY"
-4.748,42.984,"Agrostis delicatula",1851347096,"Velilla del Río Carrión. Cardaño de Arriba","ESP",707,1989,"PRESERVED_SPECIMEN","OCCURRENCE_STATUS_INFERRED_FROM_INDIVIDUAL_COUNT;GEODETIC_DATUM_ASSUMED_WGS84;CONTINENT_DERIVED_FROM_COORDINATES;INSTITUTION_MATCH_FUZZY;COLLECTION_MATCH_FUZZY"
-2.51718,42.27508,"Agrostis delicatula",788846294,"No locality information available","ESP",NA,1986,"PRESERVED_SPECIMEN","OCCURRENCE_STATUS_INFERRED_FROM_INDIVIDUAL_COUNT;GEODETIC_DATUM_ASSUMED_WGS84;INSTITUTION_MATCH_FUZZY;COLLECTION_MATCH_NONE"
-7.212219,41.319258,"Agrostis delicatula",2979298055,"","PRT",5,2011,"HUMAN_OBSERVATION","COORDINATE_ROUNDED"
-3.2287,41.4235,"Agrostis delicatula",1936580126,"Galve de Sorbe","ESP",NA,1992,"PRESERVED_SPECIMEN","GEODETIC_DATUM_ASSUMED_WGS84;CONTINENT_DERIVED_FROM_COORDINATES;TAXON_MATCH_HIGHERRANK;INSTITUTION_MATCH_FUZZY;COLLECTION_MATCH_FUZZY"
-6.8006,42.7895,"Agrostis delicatula",1936635862,"Valle del río Cuiñas.","ESP",NA,1984,"PRESERVED_SPECIMEN","GEODETIC_DATUM_ASSUMED_WGS84;CONTINENT_DERIVED_FROM_COORDINATES;INSTITUTION_MATCH_FUZZY;COLLECTION_MATCH_FUZZY"
-3.5212,42.08,"Agrostis delicatula",1936668133,"Covarrubias","ESP",NA,1998,"PRESERVED_SPECIMEN","GEODETIC_DATUM_ASSUMED_WGS84;CONTINENT_DERIVED_FROM_COORDINATES;TAXON_MATCH_HIGHERRANK;INSTITUTION_MATCH_FUZZY;COLLECTION_MATCH_FUZZY"
-4.5395,38.5755,"Agrostis delicatula",1936522533,"Almodovar del Campo, San Juan, plaza del Judío","ESP",NA,1997,"PRESERVED_SPECIMEN","GEODETIC_DATUM_ASSUMED_WGS84;CONTINENT_DERIVED_FROM_COORDINATES;INSTITUTION_MATCH_FUZZY;COLLECTION_MATCH_FUZZY"
-5.44333,40.33278,"Agrostis delicatula",1882650239,"España, [Castilla y León,] Ávila, Los Llanos de Tormes, Cruce de la carretera Av-941 hacia Bohoyo, 40,332809, -5,443455","ESP",NA,2016,"PRESERVED_SPECIMEN","CONTINENT_DERIVED_FROM_COORDINATES;INSTITUTION_MATCH_FUZZY;COLLECTION_MATCH_NONE"
-4.98889,40.3875,"Agrostis delicatula",1882650240,"España, [Castilla y León,] Ávila, Hoyocasero, Pinar de Hoyocasero, 40,387362, -4,98882","ESP",NA,2016,"PRESERVED_SPECIMEN","CONTINENT_DERIVED_FROM_COORDINATES;INSTITUTION_MATCH_FUZZY;COLLECTION_MATCH_NONE"
-8.00845,42.86229,"Agrostis delicatula",1701352050,"España: La Coruña: entre Melide y Golanda. Barazon, 29TNH8146, 350 m.","ESP",NA,1990,"PRESERVED_SPECIMEN","CONTINENT_DERIVED_FROM_COORDINATES;INSTITUTION_MATCH_FUZZY;COLLECTION_MATCH_NONE"
-7.00967,41.98281,"Agrostis delicatula",932704656,"Carretera en dirección a Chaguazoso","ESP",NA,2003,"PRESERVED_SPECIMEN","RECORDED_DATE_INVALID;GEODETIC_DATUM_ASSUMED_WGS84;CONTINENT_DERIVED_FROM_COORDINATES;COORDINATE_PRECISION_INVALID;INSTITUTION_MATCH_NONE"
-7.09884,42.63273,"Agrostis delicatula",932704809,"Romeor, subida al túnel da Louseira","ESP",NA,2003,"PRESERVED_SPECIMEN","RECORDED_DATE_INVALID;GEODETIC_DATUM_ASSUMED_WGS84;CONTINENT_DERIVED_FROM_COORDINATES;COORDINATE_PRECISION_INVALID;INSTITUTION_MATCH_NONE"
-7.56842,43.42297,"Agrostis delicatula",932704665,"Montouto, Alaxe, a lo largo del río Eume","ESP",NA,2003,"PRESERVED_SPECIMEN","RECORDED_DATE_INVALID;GEODETIC_DATUM_ASSUMED_WGS84;CONTINENT_DERIVED_FROM_COORDINATES;COORDINATE_PRECISION_INVALID;INSTITUTION_MATCH_NONE"
-6.588,41.85411,"Agrostis delicatula",3014174117,"Deilão","PRT",NA,1980,"PRESERVED_SPECIMEN","INSTITUTION_MATCH_NONE"
-7.32333,39.23949,"Agrostis delicatula",3014174530,"Portalegre, Alegrete","PRT",NA,1952,"PRESERVED_SPECIMEN","TAXON_MATCH_HIGHERRANK;INSTITUTION_MATCH_NONE"
-6.73622,41.90149,"Agrostis delicatula",3014179170,"Bragança, França","PRT",NA,1980,"PRESERVED_SPECIMEN","INSTITUTION_MATCH_NONE"
-7.71117,40.97987,"Agrostis delicatula",3014180394,"Alvite","PRT",NA,1980,"PRESERVED_SPECIMEN","INSTITUTION_MATCH_NONE"
-6.60122,41.64194,"Agrostis delicatula",3014196042,"Vimioso, Argozelo","PRT",NA,1980,"PRESERVED_SPECIMEN","INSTITUTION_MATCH_NONE"
-7.53964,41.28369,"Agrostis delicatula",3014235216,"Cheires","PRT",NA,1993,"PRESERVED_SPECIMEN","INSTITUTION_MATCH_NONE"
-6.683807,43.074907,"Agrostis delicatula",3724038652,"Spain - Asturias","ESP",NA,2007,"HUMAN_OBSERVATION","OCCURRENCE_STATUS_INFERRED_FROM_INDIVIDUAL_COUNT;COORDINATE_ROUNDED;CONTINENT_DERIVED_FROM_COORDINATES"
