"lon","lat","species","gbifID","locality","countryCode","coordinateUncertaintyInMeters","year","basisOfRecord","issue"
-6.4,38.1,"Celtica gigantea",31218613,"Cabeza la Vaca: 29SQC32","ESP",NA,1988,"PRESERVED_SPECIMEN","GEODETIC_DATUM_ASSUMED_WGS84;CONTINENT_DERIVED_FROM_COORDINATES;INSTITUTION_MATCH_FUZZY;COLLECTION_MATCH_FUZZY"
-7.4,38.5,"Celtica gigantea",31219090,"Pias: en zona granítica.","PRT",NA,1990,"PRESERVED_SPECIMEN","GEODETIC_DATUM_ASSUMED_WGS84;CONTINENT_DERIVED_FROM_COORDINATES;INSTITUTION_MATCH_FUZZY;COLLECTION_MATCH_FUZZY"
-7.5,39.8,"Celtica gigantea",31219091,"Castelo Branco: en granitos. Berrocales.","PRT",NA,1990,"PRESERVED_SPECIMEN","GEODETIC_DATUM_ASSUMED_WGS84;CONTINENT_DERIVED_FROM_COORDINATES;INSTITUTION_MATCH_FUZZY;COLLECTION_MATCH_FUZZY"
-5.7,39.5,"Celtica gigantea",31218071,"Castuera: carretera de Castuera a Villanueva de la Serena. 30STJ78","ESP",NA,1987,"PRESERVED_SPECIMEN","GEODETIC_DATUM_ASSUMED_WGS84;CONTINENT_DERIVED_FROM_COORDINATES;INSTITUTION_MATCH_FUZZY;COLLECTION_MATCH_FUZZY"
-8.4,38.6,"Celtica gigantea",31219087,"Vendas Novas: en zonas de arenales.","PRT",NA,1990,"PRESERVED_SPECIMEN","GEODETIC_DATUM_ASSUMED_WGS84;CONTINENT_DERIVED_FROM_COORDINATES;INSTITUTION_MATCH_FUZZY;COLLECTION_MATCH_FUZZY"
-6.5,38.4,"Celtica gigantea",31217962,"Alconera: 29SQC25","ESP",NA,1989,"PRESERVED_SPECIMEN","GEODETIC_DATUM_ASSUMED_WGS84;CONTINENT_DERIVED_FROM_COORDINATES;INSTITUTION_MATCH_FUZZY;COLLECTION_MATCH_FUZZY"
-6.7,38.5,"Celtica gigantea",31218597,"Salvatierra de los Barros: Sierra de Osa. 29SQC06","ESP",NA,1987,"PRESERVED_SPECIMEN","GEODETIC_DATUM_ASSUMED_WGS84;CONTINENT_DERIVED_FROM_COORDINATES;INSTITUTION_MATCH_FUZZY;COLLECTION_MATCH_FUZZY"
-6.9,38.7,"Celtica gigantea",31218594,"La Albuera: 29SPC88","ESP",NA,1987,"PRESERVED_SPECIMEN","GEODETIC_DATUM_ASSUMED_WGS84;CONTINENT_DERIVED_FROM_COORDINATES;INSTITUTION_MATCH_FUZZY;COLLECTION_MATCH_FUZZY"
-5.6,38.6,"Celtica gigantea",31218604,"Castuera: entre Castuera y Villanueva de la Serena, cerca de Campanario. 30STH78","ESP",NA,1987,"PRESERVED_SPECIMEN","GEODETIC_DATUM_ASSUMED_WGS84;CONTINENT_DERIVED_FROM_COORDINATES;INSTITUTION_MATCH_FUZZY;COLLECTION_MATCH_FUZZY"
-6.6,38.4,"Celtica gigantea",31218601,"Alconera: Sierra de Alconera. 29SQC15","ESP",NA,1987,"PRESERVED_SPECIMEN","GEODETIC_DATUM_ASSUMED_WGS84;CONTINENT_DERIVED_FROM_COORDINATES;INSTITUTION_MATCH_FUZZY;COLLECTION_MATCH_FUZZY"
-6.8,38.3,"Celtica gigantea",31218599,"Jerez de los Caballeros: La Zafrilla. 29SPC94","ESP",NA,1987,"PRESERVED_SPECIMEN","GEODETIC_DATUM_ASSUMED_WGS84;CONTINENT_DERIVED_FROM_COORDINATES;INSTITUTION_MATCH_FUZZY;COLLECTION_MATCH_FUZZY"
-5.8,40.1,"Celtica gigantea",31218609,"Purto de Tornavacas. 1000 m. 30TTK64","ESP",NA,1988,"PRESERVED_SPECIMEN","GEODETIC_DATUM_ASSUMED_WGS84;CONTINENT_DERIVED_FROM_COORDINATES;INSTITUTION_MATCH_FUZZY;COLLECTION_MATCH_FUZZY"
-5.6,40.1,"Celtica gigantea",31218606,"Talayuela: Santa María de Las Lomas. 300 m. 30TTK84","ESP",NA,1988,"PRESERVED_SPECIMEN","GEODETIC_DATUM_ASSUMED_WGS84;CONTINENT_DERIVED_FROM_COORDINATES;INSTITUTION_MATCH_FUZZY;COLLECTION_MATCH_FUZZY"
-6.5,37.99,"Celtica gigantea",31219057,"Cañaveral de León: Doñana. Laguna de Santa Olalla. Alrededores en las orillas.","ESP",NA,1990,"PRESERVED_SPECIMEN","GEODETIC_DATUM_ASSUMED_WGS84;CONTINENT_DERIVED_FROM_COORDINATES;INSTITUTION_MATCH_FUZZY;COLLECTION_MATCH_FUZZY"
-4.47,40.75,"Celtica gigantea",31219061,"Santa María del Cubillo: Aldeavieja. Sierra de Gredos. Zona granítica. Sobre sustratos en zonas margosas.","ESP",NA,1990,"PRESERVED_SPECIMEN","GEODETIC_DATUM_ASSUMED_WGS84;CONTINENT_DERIVED_FROM_COORDINATES;INSTITUTION_MATCH_FUZZY;COLLECTION_MATCH_FUZZY"
-5.6,39.6,"Celtica gigantea",31218615,"Navalvillar de Ibor: entre Navalvillar de Ibor y Guadalupe. 30STJ89","ESP",NA,1988,"PRESERVED_SPECIMEN","GEODETIC_DATUM_ASSUMED_WGS84;CONTINENT_DERIVED_FROM_COORDINATES;INSTITUTION_MATCH_FUZZY;COLLECTION_MATCH_FUZZY"
-6.9,39,"Celtica gigantea",31218651,"Badajoz: Bótoa. 29SPD82","ESP",NA,1987,"PRESERVED_SPECIMEN","GEODETIC_DATUM_ASSUMED_WGS84;CONTINENT_DERIVED_FROM_COORDINATES;INSTITUTION_MATCH_FUZZY;COLLECTION_MATCH_FUZZY"
-5.4,39.5,"Celtica gigantea",31218515,"Navalvillar de Ibor: 30STJ97","ESP",NA,1988,"PRESERVED_SPECIMEN","GEODETIC_DATUM_ASSUMED_WGS84;CONTINENT_DERIVED_FROM_COORDINATES;INSTITUTION_MATCH_FUZZY;COLLECTION_MATCH_FUZZY"
-5.6,38.3,"Celtica gigantea",31218620,"Granja de Torrehermosa: 30STH74","ESP",NA,1988,"PRESERVED_SPECIMEN","GEODETIC_DATUM_ASSUMED_WGS84;CONTINENT_DERIVED_FROM_COORDINATES;INSTITUTION_MATCH_FUZZY;COLLECTION_MATCH_FUZZY"
-6.3,38.9,"Celtica gigantea",31218618,"Embalse de Cornalvo. 29SQD31","ESP",NA,1988,"PRESERVED_SPECIMEN","GEODETIC_DATUM_ASSUMED_WGS84;CONTINENT_DERIVED_FROM_COORDINATES;INSTITUTION_MATCH_FUZZY;COLLECTION_MATCH_FUZZY"
-5.8,38.8,"Celtica gigantea",31219415,"Magacela: El Berrocal. Granitos. 1326/TE. 30STJ60","ESP",NA,2000,"PRESERVED_SPECIMEN","GEODETIC_DATUM_ASSUMED_WGS84;CONTINENT_DERIVED_FROM_COORDINATES;INSTITUTION_MATCH_FUZZY;COLLECTION_MATCH_FUZZY"
-9.3,38.7,"Celtica gigantea",31219094,"Sintra: castillo.","PRT",NA,1989,"PRESERVED_SPECIMEN","GEODETIC_DATUM_ASSUMED_WGS84;CONTINENT_DERIVED_FROM_COORDINATES;INSTITUTION_MATCH_FUZZY;COLLECTION_MATCH_FUZZY"
-5.27,40.49,"Celtica gigantea",31219095,"San Miguel de Corneja: Sierra de Grados. Sustratos margosos sobre pizarras.","ESP",NA,1990,"PRESERVED_SPECIMEN","GEODETIC_DATUM_ASSUMED_WGS84;CONTINENT_DERIVED_FROM_COORDINATES;INSTITUTION_MATCH_FUZZY;COLLECTION_MATCH_FUZZY"
-8.6,37.8,"Celtica gigantea",31219092,"Aljustrel: en zonas pizarrosas con afloramientos.","PRT",NA,1990,"PRESERVED_SPECIMEN","GEODETIC_DATUM_ASSUMED_WGS84;CONTINENT_DERIVED_FROM_COORDINATES;INSTITUTION_MATCH_FUZZY;COLLECTION_MATCH_FUZZY"
-2.35,37.07,"Celtica gigantea",31219210,"Tabernas.","ESP",NA,1990,"PRESERVED_SPECIMEN","GEODETIC_DATUM_ASSUMED_WGS84;CONTINENT_DERIVED_FROM_COORDINATES;INSTITUTION_MATCH_FUZZY;COLLECTION_MATCH_FUZZY"
-4.37,38.99,"Celtica gigantea",31219098,"Luciana: sustrato calizo.","ESP",NA,1990,"PRESERVED_SPECIMEN","GEODETIC_DATUM_ASSUMED_WGS84;CONTINENT_DERIVED_FROM_COORDINATES;INSTITUTION_MATCH_FUZZY;COLLECTION_MATCH_FUZZY"
-5.7,40.3,"Celtica gigantea",31219051,"Pico del Calvitero. Sustrato calizo. 1500 m. 30TTK76","ESP",NA,1990,"PRESERVED_SPECIMEN","GEODETIC_DATUM_ASSUMED_WGS84;CONTINENT_DERIVED_FROM_COORDINATES;INSTITUTION_MATCH_FUZZY;COLLECTION_MATCH_FUZZY"
-5.76,40.39,"Celtica gigantea",31219096,"Béjar: alrededores. Sobre cuarcitas y suelos arenosos.","ESP",NA,1990,"PRESERVED_SPECIMEN","GEODETIC_DATUM_ASSUMED_WGS84;CONTINENT_DERIVED_FROM_COORDINATES;INSTITUTION_MATCH_FUZZY;COLLECTION_MATCH_FUZZY"
-6.81,40.19,"Celtica gigantea",31218525,"San Martín de Trevejo: hacia Villamiel.","ESP",NA,1987,"PRESERVED_SPECIMEN","GEODETIC_DATUM_ASSUMED_WGS84;CONTINENT_DERIVED_FROM_COORDINATES;INSTITUTION_MATCH_FUZZY;COLLECTION_MATCH_FUZZY"
-3.88,40.87,"Celtica gigantea",31219048,"Rascafría.","ESP",NA,1990,"PRESERVED_SPECIMEN","GEODETIC_DATUM_ASSUMED_WGS84;CONTINENT_DERIVED_FROM_COORDINATES;INSTITUTION_MATCH_FUZZY;COLLECTION_MATCH_FUZZY"
-3.93,38.98,"Celtica gigantea",31219049,"A 20 km de Valdepeñas desde Ciudad Real. Cerros calizos. Afloramientos rocosos y Quercus rotudifolia Lam.","ESP",NA,1990,"PRESERVED_SPECIMEN","GEODETIC_DATUM_ASSUMED_WGS84;CONTINENT_DERIVED_FROM_COORDINATES;INSTITUTION_MATCH_FUZZY;COLLECTION_MATCH_FUZZY"
-4.11,40.94,"Celtica gigantea",31219099,"Alrededores del Espino. Sierra de Guadarrama. Sobre berrocales muy húmedos.","ESP",NA,1990,"PRESERVED_SPECIMEN","GEODETIC_DATUM_ASSUMED_WGS84;CONTINENT_DERIVED_FROM_COORDINATES;INSTITUTION_MATCH_FUZZY;COLLECTION_MATCH_FUZZY"
-6.8,39.4,"Celtica gigantea",31218722,"Aliseda: Sobre suelos arenosos. 500 m. 29SPD96","ESP",NA,1990,"PRESERVED_SPECIMEN","GEODETIC_DATUM_ASSUMED_WGS84;CONTINENT_DERIVED_FROM_COORDINATES;INSTITUTION_MATCH_FUZZY;COLLECTION_MATCH_FUZZY"
-6.7,38.1,"Celtica gigantea",31218627,"Fregenal de la Sierra: 29SQC02","ESP",NA,1988,"PRESERVED_SPECIMEN","GEODETIC_DATUM_ASSUMED_WGS84;CONTINENT_DERIVED_FROM_COORDINATES;INSTITUTION_MATCH_FUZZY;COLLECTION_MATCH_FUZZY"
-6.83,37.13,"Celtica gigantea",31219025,"Palos de la Frontera: en lagunas de la Marisma. Suelo arenoso. Pinares.","ESP",NA,1990,"PRESERVED_SPECIMEN","GEODETIC_DATUM_ASSUMED_WGS84;CONTINENT_DERIVED_FROM_COORDINATES;INSTITUTION_MATCH_FUZZY;COLLECTION_MATCH_FUZZY"
-5.3,38.9,"Celtica gigantea",31218638,"Esparragosa de Lares: 30SUJ01","ESP",NA,1988,"PRESERVED_SPECIMEN","GEODETIC_DATUM_ASSUMED_WGS84;CONTINENT_DERIVED_FROM_COORDINATES;INSTITUTION_MATCH_FUZZY;COLLECTION_MATCH_FUZZY"
-5.9,39.4,"Celtica gigantea",31218636,"Trujillo: entrada a Trujillo. Granitos. 30STJ57","ESP",NA,1988,"PRESERVED_SPECIMEN","GEODETIC_DATUM_ASSUMED_WGS84;CONTINENT_DERIVED_FROM_COORDINATES;INSTITUTION_MATCH_FUZZY;COLLECTION_MATCH_FUZZY"
-4.58,37.05,"Celtica gigantea",31219026,"Antequera: Sierra de Archidona.","ESP",NA,1990,"PRESERVED_SPECIMEN","GEODETIC_DATUM_ASSUMED_WGS84;CONTINENT_DERIVED_FROM_COORDINATES;INSTITUTION_MATCH_FUZZY;COLLECTION_MATCH_FUZZY"
-5.12,41.48,"Celtica gigantea",31219028,"Tordesillas.","ESP",NA,1990,"PRESERVED_SPECIMEN","GEODETIC_DATUM_ASSUMED_WGS84;CONTINENT_DERIVED_FROM_COORDINATES;INSTITUTION_MATCH_FUZZY;COLLECTION_MATCH_FUZZY"
-6.31,37.53,"Celtica gigantea",31219037,"Aznalcóllar.","ESP",NA,1990,"PRESERVED_SPECIMEN","GEODETIC_DATUM_ASSUMED_WGS84;CONTINENT_DERIVED_FROM_COORDINATES;INSTITUTION_MATCH_FUZZY;COLLECTION_MATCH_FUZZY"
-3.8,41.12,"Celtica gigantea",31219033,"Pedraza: zona granítica de Guadarrama. 2000 m.","ESP",NA,1990,"PRESERVED_SPECIMEN","GEODETIC_DATUM_ASSUMED_WGS84;CONTINENT_DERIVED_FROM_COORDINATES;INSTITUTION_MATCH_FUZZY;COLLECTION_MATCH_FUZZY"
-4.68,36.65,"Celtica gigantea",31219083,"Alhaurín el Grande: Sierra de Mijas.","ESP",NA,1989,"PRESERVED_SPECIMEN","GEODETIC_DATUM_ASSUMED_WGS84;CONTINENT_DERIVED_FROM_COORDINATES;INSTITUTION_MATCH_FUZZY;COLLECTION_MATCH_FUZZY"
-3.2,39.61,"Celtica gigantea",31219085,"La Villa de Don Fadrique: en cerros incultos. Bosquete de Quercus rotundifolia Lam. Próximo río Tajo.","ESP",NA,1990,"PRESERVED_SPECIMEN","GEODETIC_DATUM_ASSUMED_WGS84;CONTINENT_DERIVED_FROM_COORDINATES;INSTITUTION_MATCH_FUZZY;COLLECTION_MATCH_FUZZY"
-7.8,38.8,"Celtica gigantea",31219043,"Vimieiro: en zonas de depósitos graníticos.","PRT",NA,1990,"PRESERVED_SPECIMEN","GEODETIC_DATUM_ASSUMED_WGS84;CONTINENT_DERIVED_FROM_COORDINATES;INSTITUTION_MATCH_FUZZY;COLLECTION_MATCH_FUZZY"
-6.75,37.98,"Celtica gigantea",31219046,"La Nava: Arilla río Mubieta. Cretón pizarroso.","ESP",NA,1990,"PRESERVED_SPECIMEN","GEODETIC_DATUM_ASSUMED_WGS84;CONTINENT_DERIVED_FROM_COORDINATES;INSTITUTION_MATCH_FUZZY;COLLECTION_MATCH_FUZZY"
-5.1,38.7,"Celtica gigantea",31219503,"Capilla: Sierra del Palenque. Alcornocal. 2686/TE. 30SUH29","ESP",NA,2000,"PRESERVED_SPECIMEN","GEODETIC_DATUM_ASSUMED_WGS84;CONTINENT_DERIVED_FROM_COORDINATES;INSTITUTION_MATCH_FUZZY;COLLECTION_MATCH_FUZZY"
-8.4,38.3,"Celtica gigantea",31219041,"Alcacer do Sal: en arenales marítimos.","PRT",NA,1990,"PRESERVED_SPECIMEN","GEODETIC_DATUM_ASSUMED_WGS84;CONTINENT_DERIVED_FROM_COORDINATES;INSTITUTION_MATCH_FUZZY;COLLECTION_MATCH_FUZZY"
-5.06,40.58,"Celtica gigantea",31219080,"Amavida: Sierra de Gredos. En zonas de campos de cultivos incultos. En suelos muy delgados.","ESP",NA,1990,"PRESERVED_SPECIMEN","GEODETIC_DATUM_ASSUMED_WGS84;CONTINENT_DERIVED_FROM_COORDINATES;INSTITUTION_MATCH_FUZZY;COLLECTION_MATCH_FUZZY"
-3.86,41.14,"Celtica gigantea",31219031,"Arahuetes: Pajares de Pedraza. En zonas graníticas a elevada altitud.","ESP",NA,1990,"PRESERVED_SPECIMEN","GEODETIC_DATUM_ASSUMED_WGS84;CONTINENT_DERIVED_FROM_COORDINATES;INSTITUTION_MATCH_FUZZY;COLLECTION_MATCH_FUZZY"
-5.4,40.41,"Celtica gigantea",31219078,"La Aldehuela: Sierra de Gredos. Zona con sustrato pizarroso. Berrocales. Suelo pobre.","ESP",NA,1990,"PRESERVED_SPECIMEN","GEODETIC_DATUM_ASSUMED_WGS84;CONTINENT_DERIVED_FROM_COORDINATES;INSTITUTION_MATCH_FUZZY;COLLECTION_MATCH_FUZZY"
-5.62,40.21,"Celtica gigantea",910478298,"Garganta La Serrá","ESP",550,2007,"PRESERVED_SPECIMEN","INSTITUTION_MATCH_NONE"
-6.63,38.52,"Celtica gigantea",31881632,"","ESP",550,2005,"PRESERVED_SPECIMEN","INSTITUTION_MATCH_NONE"
-5.48,39.15,"Celtica gigantea",910468778,"Proximidades Obando. Finca Dehesa de La Moheda Alta","ESP",550,2006,"PRESERVED_SPECIMEN","INSTITUTION_MATCH_NONE"
-7.14,40.3,"Celtica gigantea",910487862,"Aproximadamente a 1 km de Santo Estevão","PRT",550,1970,"PRESERVED_SPECIMEN","INSTITUTION_MATCH_NONE"
-7.23,38.98,"Celtica gigantea",910487963,"Entre Santa Eulália y São Vicente, Monte Ruivo","PRT",550,1976,"PRESERVED_SPECIMEN","INSTITUTION_MATCH_NONE"
-3.9,39.03,"Celtica gigantea",3311383294,"","ESP",550,1990,"PRESERVED_SPECIMEN","INSTITUTION_MATCH_NONE"
-5.61,40.58,"Celtica gigantea",3311383298,"Sierra de Gredos","ESP",550,1990,"PRESERVED_SPECIMEN","INSTITUTION_MATCH_NONE"
-4.6,39.08,"Celtica gigantea",3311383306,"","ESP",550,1990,"PRESERVED_SPECIMEN","INSTITUTION_MATCH_NONE"
-4.23,40.7,"Celtica gigantea",3311383325,"Alrededores. Sierra de Guadarrama","ESP",550,1990,"PRESERVED_SPECIMEN","INSTITUTION_MATCH_NONE"
-5.65,40.46,"Celtica gigantea",3311383328,"Sierra de Béjar","ESP",550,1990,"PRESERVED_SPECIMEN","INSTITUTION_MATCH_NONE"
-2.45,37.95,"Celtica gigantea",3311383336,"","ESP",550,1990,"PRESERVED_SPECIMEN","INSTITUTION_MATCH_NONE"
-4.48,37.07,"Celtica gigantea",3311383338,"Sierra de Archidona","ESP",550,1990,"PRESERVED_SPECIMEN","INSTITUTION_MATCH_NONE"
-6.47,37.12,"Celtica gigantea",3311383339,"El Rocío. Laguna de Santa Olalla. Reserva Biológica de Doñana","ESP",550,1990,"PRESERVED_SPECIMEN","INSTITUTION_MATCH_NONE"
-6.9,37.22,"Celtica gigantea",3311383342,"Alrededores","ESP",550,1990,"PRESERVED_SPECIMEN","INSTITUTION_MATCH_NONE"
-4.28,38.98,"Celtica gigantea",3311383343,"","ESP",550,1990,"PRESERVED_SPECIMEN","INSTITUTION_MATCH_NONE"
-3.53,38.81,"Celtica gigantea",3311383346,"A 20 km desde Ciudad Real","ESP",550,1990,"PRESERVED_SPECIMEN","INSTITUTION_MATCH_NONE"
-9.32,39.17,"Celtica gigantea",3311383344,"","PRT",550,1990,"PRESERVED_SPECIMEN","INSTITUTION_MATCH_NONE"
-6.33,38.05,"Celtica gigantea",3311383347,"Sierra de Tentudía","ESP",550,1990,"PRESERVED_SPECIMEN","INSTITUTION_MATCH_NONE"
-7.49,38.01,"Celtica gigantea",3311383348,"","PRT",550,1990,"PRESERVED_SPECIMEN","INSTITUTION_MATCH_NONE"
-8.51,38.69,"Celtica gigantea",3311383349,"","PRT",550,1990,"PRESERVED_SPECIMEN","INSTITUTION_MATCH_NONE"
-8.16,37.87,"Celtica gigantea",3311383358,"","PRT",550,1990,"PRESERVED_SPECIMEN","INSTITUTION_MATCH_NONE"
-8.53,38.37,"Celtica gigantea",3311383359,"","PRT",550,1990,"PRESERVED_SPECIMEN","INSTITUTION_MATCH_NONE"
-8.98,38.52,"Celtica gigantea",31904544,"Serra da Arrábida, de Setubal a Cabo Espichel, próximo a Azeitão","PRT",550,2003,"PRESERVED_SPECIMEN","INSTITUTION_MATCH_NONE"
-5.72,38.9,"Celtica gigantea",3311383580,"","ESP",550,2002,"PRESERVED_SPECIMEN","INSTITUTION_MATCH_NONE"
-6.13,39.21,"Celtica gigantea",3311383927,"","ESP",550,2002,"PRESERVED_SPECIMEN","INSTITUTION_MATCH_NONE"
-8.72,38.29,"Celtica gigantea",3311383976,"Proximidades. Cruce de Calvalhal a Pinheiro da Cruz","PRT",550,2002,"PRESERVED_SPECIMEN","INSTITUTION_MATCH_NONE"
-8.52,37.3,"Celtica gigantea",910485811,"La Picota","PRT",550,2012,"PRESERVED_SPECIMEN","INSTITUTION_MATCH_NONE"
-5.86,40.25,"Celtica gigantea",910485843,"Pista Heidi","ESP",550,2012,"PRESERVED_SPECIMEN","INSTITUTION_MATCH_NONE"
-8.99,37.02,"Celtica gigantea",910474507,"Cabo de San Vicente","PRT",550,1990,"PRESERVED_SPECIMEN","INSTITUTION_MATCH_NONE"
-5.52,39.83,"Celtica gigantea",910486201,"Alrededores del pueblo","ESP",550,2012,"PRESERVED_SPECIMEN","INSTITUTION_MATCH_NONE"
-7.46,38,"Celtica gigantea",3311384860,"","PRT",550,1990,"PRESERVED_SPECIMEN","INSTITUTION_MATCH_NONE"
-8.63,37.6,"Celtica gigantea",3311384866,"","PRT",550,1990,"PRESERVED_SPECIMEN","INSTITUTION_MATCH_NONE"
-6.47,36.97,"Celtica gigantea",3311384869,"Parque Nacional de Doñana, Laguna de Santa Olalla","ESP",550,1990,"PRESERVED_SPECIMEN","INSTITUTION_MATCH_NONE"
-9.07,38.47,"Celtica gigantea",910488108,"Maçã","PRT",550,1971,"PRESERVED_SPECIMEN","INSTITUTION_MATCH_NONE"
-5.82,38.17,"Celtica gigantea",910457570,"Ctra. Guadalcanal a Valverde de Llerena","ESP",550,2010,"PRESERVED_SPECIMEN","INSTITUTION_MATCH_NONE"
-6.03,38.26,"Celtica gigantea",910457816,"Proximidades, desde ctra. Villagarcía, km 111,2","ESP",550,2010,"PRESERVED_SPECIMEN","INSTITUTION_MATCH_NONE"
-6.77,38.94,"Celtica gigantea",2454328576,"Canal de Montijo, ptkm 35-36. Cabeza Rubia","ESP",550,2014,"PRESERVED_SPECIMEN","INSTITUTION_MATCH_NONE"
-6.6,34.02,"Celtica gigantea",910460909,"Pays de Zemmour, a 2 km de Rabat","MAR",550,2010,"PRESERVED_SPECIMEN","INSTITUTION_MATCH_NONE"
-4.9,35,"Celtica gigantea",910460932,"A 55 km de Ketama a Chefchaouen","MAR",550,2010,"PRESERVED_SPECIMEN","INSTITUTION_MATCH_NONE"
-4.67,34.82,"Celtica gigantea",910460943,"A 20 km de Ketama","MAR",550,2010,"PRESERVED_SPECIMEN","TAXON_MATCH_FUZZY;INSTITUTION_MATCH_NONE"
-4.65,34.96,"Celtica gigantea",910461049,"A 50 km de Ketama","MAR",550,2010,"PRESERVED_SPECIMEN","INSTITUTION_MATCH_NONE"
-9.21,38.41,"Celtica gigantea",31881484,"Cabo Espichel","PRT",550,2002,"PRESERVED_SPECIMEN","INSTITUTION_MATCH_NONE"
-5.92,33.21,"Celtica gigantea",910461183,"A 50 km de Khénifra","MAR",550,2010,"PRESERVED_SPECIMEN","TAXON_MATCH_FUZZY;INSTITUTION_MATCH_NONE"
-3.08,33.99,"Celtica gigantea",910461461,"Monte Tazzeka","MAR",550,2010,"PRESERVED_SPECIMEN","TAXON_MATCH_FUZZY;INSTITUTION_MATCH_NONE"
-6.36,34.2,"Celtica gigantea",3311387345,"Ameur Seflia. Forêst de Mamora, Oued Tiflet","MAR",550,2019,"PRESERVED_SPECIMEN","INSTITUTION_MATCH_NONE"
-9.02,39.23,"Celtica gigantea",2454330609,"Cercal. Serra de Montejunto. Estrada do Cadaval. N115-1","PRT",550,2014,"PRESERVED_SPECIMEN","INSTITUTION_MATCH_NONE"
-5.21,38.7,"Celtica gigantea",910475826,"Sierra de Cabeza del Buey, cara sur","ESP",550,2007,"PRESERVED_SPECIMEN","INSTITUTION_MATCH_NONE"
-7.5,40.12,"Celtica gigantea",910486333,"Serra da Estrela","PRT",550,2012,"PRESERVED_SPECIMEN","INSTITUTION_MATCH_NONE"
-5.7,40.96,"Celtica gigantea",31881706,"","ESP",550,2000,"PRESERVED_SPECIMEN","INSTITUTION_MATCH_NONE"
-5.58,38.47,"Celtica gigantea",910459050,"Sierra Lengua. Puerto del Campillo","ESP",550,2010,"PRESERVED_SPECIMEN","INSTITUTION_MATCH_NONE"
-7.02,38.18,"Celtica gigantea",2454338779,"Río Ardila","PRT",550,2014,"PRESERVED_SPECIMEN","INSTITUTION_MATCH_NONE"
-6.2,41.67,"Celtica gigantea",910483124,"Fornillos de Aliste","ESP",550,2010,"PRESERVED_SPECIMEN","INSTITUTION_MATCH_NONE"
-5.19,36.48,"Celtica gigantea",910483149,"Sierra Bermeja. Subida a los Reales","ESP",550,2010,"PRESERVED_SPECIMEN","TAXON_MATCH_FUZZY;INSTITUTION_MATCH_NONE"
-5,40.07,"Celtica gigantea",910456080,"Ctra. N502","ESP",550,2009,"PRESERVED_SPECIMEN","INSTITUTION_MATCH_NONE"
-6.91,40.25,"Celtica gigantea",910471427,"Sierra de la Malvana, subida. Ctra. Valverde del Fresno a Ciudad Rodrigo","ESP",550,2006,"PRESERVED_SPECIMEN","INSTITUTION_MATCH_NONE"
-8.87,41.88,"Celtica gigantea",3311392252,"Monte de Santa Tecla","ESP",550,1993,"PRESERVED_SPECIMEN","INSTITUTION_MATCH_NONE"
-5.91,38.28,"Celtica gigantea",910477367,"Ribera y embalse de Ahillones","ESP",550,2007,"PRESERVED_SPECIMEN","INSTITUTION_MATCH_NONE"
-5.69,38.64,"Celtica gigantea",910480546,"Presa de Zalamea","ESP",550,2008,"PRESERVED_SPECIMEN","INSTITUTION_MATCH_NONE"
-5.95,40.04,"Celtica gigantea",910480489,"Ctra. CV 18-1","ESP",550,2008,"PRESERVED_SPECIMEN","INSTITUTION_MATCH_NONE"
-7.46,39.41,"Celtica gigantea",910480867,"Ermita Nossa Senhora da Penha","PRT",550,2008,"PRESERVED_SPECIMEN","INSTITUTION_MATCH_NONE"
-8.8,37.79,"Celtica gigantea",3311393907,"Praia do Malhão, closed to Vila Nova de Milfontes","PRT",550,2002,"PRESERVED_SPECIMEN","INSTITUTION_MATCH_NONE"
-7.178997,41.384221,"Celtica gigantea",3010354371,"","PRT",5,2015,"HUMAN_OBSERVATION","COORDINATE_ROUNDED"
-7.333845,41.336856,"Celtica gigantea",3010376267,"","PRT",5,2015,"HUMAN_OBSERVATION","COORDINATE_ROUNDED"
-7.362826,41.303543,"Celtica gigantea",3010385791,"","PRT",5,2016,"HUMAN_OBSERVATION","COORDINATE_ROUNDED"
-123.2925,44.573889,"Celtica gigantea",1986945263,"Corvalis; at the residence of Aaron Liston, at the corner of N. W. Witham and N.W. Polk.","USA",NA,1998,"PRESERVED_SPECIMEN","COORDINATE_ROUNDED;GEODETIC_DATUM_ASSUMED_WGS84;CONTINENT_DERIVED_FROM_COORDINATES;COLLECTION_MATCH_FUZZY"
-5.39,40.58,"Celtica gigantea",1986970983,"Salamanca: Sierra de Bejar Bajar.","ESP",NA,1990,"PRESERVED_SPECIMEN","GEODETIC_DATUM_ASSUMED_WGS84;CONTINENT_DERIVED_FROM_COORDINATES;COLLECTION_MATCH_FUZZY"
-6.86821,39.03995,"Celtica gigantea",1986910274,"Valle Matamoros","ESP",301,2000,"PRESERVED_SPECIMEN","CONTINENT_DERIVED_FROM_COORDINATES;COLLECTION_MATCH_FUZZY"
-111.8085,41.7387,"Celtica gigantea",1986957385,"Cultivated in pot at 397 lauralin Drive, Logan, Utah,","USA",NA,2007,"PRESERVED_SPECIMEN","GEODETIC_DATUM_ASSUMED_WGS84;CONTINENT_DERIVED_FROM_COORDINATES;COLLECTION_MATCH_FUZZY"
-4.37236,39.750445,"Celtica gigantea",3994083373,"","ESP",NA,2021,"HUMAN_OBSERVATION","COORDINATE_ROUNDED;CONTINENT_DERIVED_FROM_COORDINATES"
-3.582365,40.889125,"Celtica gigantea",3456802684,"","ESP",NA,2021,"HUMAN_OBSERVATION","CONTINENT_DERIVED_FROM_COORDINATES"
-4.2756,40.62475,"Celtica gigantea",3712469400,"","ESP",NA,2021,"HUMAN_OBSERVATION","CONTINENT_DERIVED_FROM_COORDINATES"
-3.715353,40.731444,"Celtica gigantea",2992744572,"","ESP",1040,2020,"HUMAN_OBSERVATION","COORDINATE_ROUNDED;CONTINENT_DERIVED_FROM_COORDINATES"
-8.872978,42.528144,"Celtica gigantea",3872999804,"","ESP",4,2022,"HUMAN_OBSERVATION","COORDINATE_ROUNDED;CONTINENT_DERIVED_FROM_COORDINATES"
-8.806569,42.25497,"Celtica gigantea",3466149732,"","ESP",4,2003,"HUMAN_OBSERVATION","COORDINATE_ROUNDED;CONTINENT_DERIVED_FROM_COORDINATES"
-3.65,41.74,"Celtica gigantea",2558258654,"Gumiel de Izán, monte de Valdeboda","ESP",707,2018,"PRESERVED_SPECIMEN","OCCURRENCE_STATUS_INFERRED_FROM_INDIVIDUAL_COUNT;GEODETIC_DATUM_ASSUMED_WGS84;CONTINENT_DERIVED_FROM_COORDINATES;INSTITUTION_MATCH_FUZZY;COLLECTION_MATCH_FUZZY"
-4.15,40.54,"Celtica gigantea",895229123,"Zarzalejo, pedrera","ESP",707,2010,"PRESERVED_SPECIMEN","OCCURRENCE_STATUS_INFERRED_FROM_INDIVIDUAL_COUNT;GEODETIC_DATUM_ASSUMED_WGS84;CONTINENT_DERIVED_FROM_COORDINATES;INSTITUTION_MATCH_FUZZY;COLLECTION_MATCH_FUZZY"
-2.94,41.51,"Celtica gigantea",895256653,"Quintanas de Gormaz; hacia Valdenebro","ESP",7071,1984,"PRESERVED_SPECIMEN","OCCURRENCE_STATUS_INFERRED_FROM_INDIVIDUAL_COUNT;GEODETIC_DATUM_ASSUMED_WGS84;CONTINENT_DERIVED_FROM_COORDINATES;INSTITUTION_MATCH_FUZZY;COLLECTION_MATCH_FUZZY"
-2.94,38.53,"Celtica gigantea",895163284,"Villamanrique,","ESP",7071,1987,"PRESERVED_SPECIMEN","TYPE_STATUS_INVALID;OCCURRENCE_STATUS_INFERRED_FROM_INDIVIDUAL_COUNT;GEODETIC_DATUM_ASSUMED_WGS84;CONTINENT_DERIVED_FROM_COORDINATES;INSTITUTION_MATCH_FUZZY;COLLECTION_MATCH_FUZZY"
-8.6,39.55,"Celtica gigantea",895229824,"Serra de Aire, Bairro, Goucha Larga","PRT",NA,2012,"PRESERVED_SPECIMEN","OCCURRENCE_STATUS_INFERRED_FROM_INDIVIDUAL_COUNT;GEODETIC_DATUM_ASSUMED_WGS84;CONTINENT_DERIVED_FROM_COORDINATES;INSTITUTION_MATCH_FUZZY;COLLECTION_MATCH_FUZZY"
-5.5253,36.1311,"Celtica gigantea",1936687094,"Sierra La Palma","ESP",NA,2008,"PRESERVED_SPECIMEN","GEODETIC_DATUM_ASSUMED_WGS84;CONTINENT_DERIVED_FROM_COORDINATES;INSTITUTION_MATCH_FUZZY;COLLECTION_MATCH_FUZZY"
-4.83,37.95,"Celtica gigantea",143006299,"Las Jaras, De Córdoba a Villaviciosa","ESP",707,1987,"PRESERVED_SPECIMEN","OCCURRENCE_STATUS_INFERRED_FROM_INDIVIDUAL_COUNT;GEODETIC_DATUM_ASSUMED_WGS84;CONTINENT_DERIVED_FROM_COORDINATES;INSTITUTION_MATCH_FUZZY;COLLECTION_MATCH_FUZZY"
-4.35,38.28,"Celtica gigantea",115890080,"Km 3 de Cardeña a Pozoblanco","ESP",707,1982,"PRESERVED_SPECIMEN","OCCURRENCE_STATUS_INFERRED_FROM_INDIVIDUAL_COUNT;GEODETIC_DATUM_ASSUMED_WGS84;CONTINENT_DERIVED_FROM_COORDINATES;INSTITUTION_MATCH_FUZZY;COLLECTION_MATCH_FUZZY"
-4.3,38.23,"Celtica gigantea",115890078,"Km 5 al sur de Cardeña, cuneta","ESP",707,1984,"PRESERVED_SPECIMEN","OCCURRENCE_STATUS_INFERRED_FROM_INDIVIDUAL_COUNT;GEODETIC_DATUM_ASSUMED_WGS84;CONTINENT_DERIVED_FROM_COORDINATES;INSTITUTION_MATCH_FUZZY;COLLECTION_MATCH_FUZZY"
-4.19,42.39,"Celtica gigantea",2597218751,"Montes Abantos, San Lorenzo de El Escorial, Arboretum Luis Ceballos","ESP",707,2010,"PRESERVED_SPECIMEN","OCCURRENCE_STATUS_INFERRED_FROM_INDIVIDUAL_COUNT;GEODETIC_DATUM_ASSUMED_WGS84;CONTINENT_DERIVED_FROM_COORDINATES;INSTITUTION_MATCH_FUZZY;COLLECTION_MATCH_FUZZY"
-4.82,36.85,"Celtica gigantea",115890034,"Carratraca","ESP",707,1979,"PRESERVED_SPECIMEN","OCCURRENCE_STATUS_INFERRED_FROM_INDIVIDUAL_COUNT;GEODETIC_DATUM_ASSUMED_WGS84;CONTINENT_DERIVED_FROM_COORDINATES;INSTITUTION_MATCH_FUZZY;COLLECTION_MATCH_FUZZY"
-4.77,38.01,"Celtica gigantea",115890077,"Km 16 de Córdoba a Villaviciosa, borde carretera","ESP",707,1983,"PRESERVED_SPECIMEN","OCCURRENCE_STATUS_INFERRED_FROM_INDIVIDUAL_COUNT;GEODETIC_DATUM_ASSUMED_WGS84;CONTINENT_DERIVED_FROM_COORDINATES;INSTITUTION_MATCH_FUZZY;COLLECTION_MATCH_FUZZY"
-7.61,41.34,"Celtica gigantea",115890043,"Mogadouro. Urrós, junto al río Duero","PRT",71,1997,"PRESERVED_SPECIMEN","OCCURRENCE_STATUS_INFERRED_FROM_INDIVIDUAL_COUNT;GEODETIC_DATUM_ASSUMED_WGS84;CONTINENT_DERIVED_FROM_COORDINATES;INSTITUTION_MATCH_FUZZY;COLLECTION_MATCH_FUZZY"
-5.62,36.52,"Celtica gigantea",318124913,"Alcalá de los Gazules; Sierra del Algibe, El Picacho","ESP",7071,1993,"PRESERVED_SPECIMEN","OCCURRENCE_STATUS_INFERRED_FROM_INDIVIDUAL_COUNT;GEODETIC_DATUM_ASSUMED_WGS84;CONTINENT_DERIVED_FROM_COORDINATES;INSTITUTION_MATCH_FUZZY;COLLECTION_MATCH_FUZZY"
-4.14,40.7,"Celtica gigantea",318124256,"El Espinar; Sierra de Guadarrama, alto de Los Leones","ESP",707,1994,"PRESERVED_SPECIMEN","OCCURRENCE_STATUS_INFERRED_FROM_INDIVIDUAL_COUNT;GEODETIC_DATUM_ASSUMED_WGS84;CONTINENT_DERIVED_FROM_COORDINATES;INSTITUTION_MATCH_FUZZY;COLLECTION_MATCH_FUZZY"
-4.62,36.63,"Celtica gigantea",1851587912,"Mijas; côté S de la Sierra de Mijas","ESP",7071,1987,"PRESERVED_SPECIMEN","OCCURRENCE_STATUS_INFERRED_FROM_INDIVIDUAL_COUNT;GEODETIC_DATUM_ASSUMED_WGS84;CONTINENT_DERIVED_FROM_COORDINATES;INSTITUTION_MATCH_FUZZY;COLLECTION_MATCH_FUZZY"
-9.11,42.79,"Celtica gigantea",318124577,"Carnota; Lariño - Lira","ESP",707,1996,"PRESERVED_SPECIMEN","OCCURRENCE_STATUS_INFERRED_FROM_INDIVIDUAL_COUNT;GEODETIC_DATUM_ASSUMED_WGS84;CONTINENT_DERIVED_FROM_COORDINATES;INSTITUTION_MATCH_FUZZY;COLLECTION_MATCH_FUZZY"
-4.754119,38.472299,"Celtica gigantea",3994231355,"","ESP",58,2021,"HUMAN_OBSERVATION","COORDINATE_ROUNDED;CONTINENT_DERIVED_FROM_COORDINATES"
-4.357336,41.587383,"Celtica gigantea",3949445986,"","ESP",NA,2022,"HUMAN_OBSERVATION","COORDINATE_ROUNDED;COUNTRY_DERIVED_FROM_COORDINATES;CONTINENT_DERIVED_FROM_COORDINATES"
-3.891667,36.783333,"Celtica gigantea",2516124444,"Andalucía, Sierra del Agua zwischen Alora und Carratraca, oberhalb der letzten Passhöhe der Strasse kurz vor Carratrac. Serpentinit.","ESP",NA,1983,"PRESERVED_SPECIMEN","INSTITUTION_MATCH_FUZZY;INSTITUTION_COLLECTION_MISMATCH"
170.486774,-45.872382,"Celtica gigantea",3059992303,"","NZL",NA,2021,"PRESERVED_SPECIMEN","CONTINENT_DERIVED_FROM_COORDINATES;INSTITUTION_MATCH_FUZZY;COLLECTION_MATCH_FUZZY"
-5.014721,38.536875,"Celtica gigantea",78874135,"Dehesilla","ESP",1,2006,"PRESERVED_SPECIMEN","OCCURRENCE_STATUS_INFERRED_FROM_INDIVIDUAL_COUNT;GEODETIC_DATUM_ASSUMED_WGS84;CONTINENT_DERIVED_FROM_COORDINATES;INSTITUTION_MATCH_FUZZY;COLLECTION_MATCH_NONE"
-4.9,38.61,"Celtica gigantea",217686134,"sierra de Santa Eufemia , cerro del Telégrafo","ESP",7071,1986,"PRESERVED_SPECIMEN","OCCURRENCE_STATUS_INFERRED_FROM_INDIVIDUAL_COUNT;GEODETIC_DATUM_ASSUMED_WGS84;CONTINENT_DERIVED_FROM_COORDINATES;INSTITUTION_MATCH_FUZZY;COLLECTION_MATCH_NONE"
-8.71208,38.80341,"Celtica gigantea",1248780546,"","PRT",NA,2014,"HUMAN_OBSERVATION","CONTINENT_DERIVED_FROM_COORDINATES"
-8.59066,39.88434,"Celtica gigantea",1075111385,"","PRT",NA,2009,"HUMAN_OBSERVATION","CONTINENT_DERIVED_FROM_COORDINATES"
-7.40241,40.68485,"Celtica gigantea",1075170558,"","PRT",NA,2012,"HUMAN_OBSERVATION","CONTINENT_DERIVED_FROM_COORDINATES"
-8.3666,38.80204,"Celtica gigantea",1075216523,"","PRT",NA,2014,"HUMAN_OBSERVATION","CONTINENT_DERIVED_FROM_COORDINATES"
-6.81985,40.40507,"Celtica gigantea",1075217671,"","PRT",NA,2014,"HUMAN_OBSERVATION","CONTINENT_DERIVED_FROM_COORDINATES"
-8.49184,37.36063,"Celtica gigantea",1248836205,"","PRT",NA,2013,"HUMAN_OBSERVATION","CONTINENT_DERIVED_FROM_COORDINATES"
-8.48876,37.81128,"Celtica gigantea",1248836238,"","PRT",NA,2013,"HUMAN_OBSERVATION","CONTINENT_DERIVED_FROM_COORDINATES"
-7.86956,41.05069,"Celtica gigantea",1248868488,"","PRT",NA,2004,"HUMAN_OBSERVATION","CONTINENT_DERIVED_FROM_COORDINATES"
-9.05788,39.1642,"Celtica gigantea",1248885807,"","PRT",NA,2013,"HUMAN_OBSERVATION","CONTINENT_DERIVED_FROM_COORDINATES"
-7.22642,38.33975,"Celtica gigantea",1075111401,"","PRT",NA,2008,"HUMAN_OBSERVATION","CONTINENT_DERIVED_FROM_COORDINATES"
-8.36419,39.07237,"Celtica gigantea",1075159746,"","PRT",NA,2013,"HUMAN_OBSERVATION","CONTINENT_DERIVED_FROM_COORDINATES"
-8.21349,42.13442,"Celtica gigantea",1075148119,"","PRT",NA,2000,"HUMAN_OBSERVATION","CONTINENT_DERIVED_FROM_COORDINATES"
-8.35592,39.97337,"Celtica gigantea",1248838481,"","PRT",NA,2014,"HUMAN_OBSERVATION","CONTINENT_DERIVED_FROM_COORDINATES"
-8.71281,38.62317,"Celtica gigantea",1248819871,"","PRT",NA,2015,"HUMAN_OBSERVATION","CONTINENT_DERIVED_FROM_COORDINATES"
-8.4811,38.89272,"Celtica gigantea",1248826665,"","PRT",NA,2015,"HUMAN_OBSERVATION","CONTINENT_DERIVED_FROM_COORDINATES"
-9.17363,39.16409,"Celtica gigantea",1075111380,"","PRT",NA,2007,"HUMAN_OBSERVATION","CONTINENT_DERIVED_FROM_COORDINATES"
-9.1721,38.53328,"Celtica gigantea",1075118274,"","PRT",NA,2012,"HUMAN_OBSERVATION","CONTINENT_DERIVED_FROM_COORDINATES"
-7.52665,40.41624,"Celtica gigantea",1075214220,"","PRT",NA,2012,"HUMAN_OBSERVATION","CONTINENT_DERIVED_FROM_COORDINATES"
-8.83061,37.3616,"Celtica gigantea",1075216654,"","PRT",NA,2014,"HUMAN_OBSERVATION","CONTINENT_DERIVED_FROM_COORDINATES"
-7.5227,40.59636,"Celtica gigantea",1248813318,"","PRT",NA,2015,"HUMAN_OBSERVATION","CONTINENT_DERIVED_FROM_COORDINATES"
-7.27948,40.86324,"Celtica gigantea",1075177276,"","PRT",NA,2013,"HUMAN_OBSERVATION","CONTINENT_DERIVED_FROM_COORDINATES"
-8.03083,38.07879,"Celtica gigantea",1075211644,"","PRT",NA,2014,"HUMAN_OBSERVATION","CONTINENT_DERIVED_FROM_COORDINATES"
-7.98991,40.96173,"Celtica gigantea",1248868533,"","PRT",NA,2008,"HUMAN_OBSERVATION","CONTINENT_DERIVED_FROM_COORDINATES"
-8.49244,37.27049,"Celtica gigantea",1248843043,"","PRT",NA,2013,"HUMAN_OBSERVATION","CONTINENT_DERIVED_FROM_COORDINATES"
-7.9311,37.08648,"Celtica gigantea",1075111354,"","PRT",NA,2007,"HUMAN_OBSERVATION","CONTINENT_DERIVED_FROM_COORDINATES"
-7.0554,40.40928,"Celtica gigantea",1075124123,"","PRT",NA,2012,"HUMAN_OBSERVATION","CONTINENT_DERIVED_FROM_COORDINATES"
-6.93486,40.49727,"Celtica gigantea",1248824058,"","PRT",NA,2015,"HUMAN_OBSERVATION","CONTINENT_DERIVED_FROM_COORDINATES"
-8.10994,40.87264,"Celtica gigantea",1248852627,"","PRT",NA,2010,"HUMAN_OBSERVATION","CONTINENT_DERIVED_FROM_COORDINATES"
-7.75059,41.04946,"Celtica gigantea",1075159926,"","PRT",NA,2008,"HUMAN_OBSERVATION","CONTINENT_DERIVED_FROM_COORDINATES"
-8.5959,38.98329,"Celtica gigantea",1075225000,"","PRT",NA,2011,"HUMAN_OBSERVATION","CONTINENT_DERIVED_FROM_COORDINATES"
-7.52861,40.32618,"Celtica gigantea",1075231932,"","PRT",NA,2010,"HUMAN_OBSERVATION","CONTINENT_DERIVED_FROM_COORDINATES"
-8.0436,37.08744,"Celtica gigantea",1075111383,"","PRT",NA,2007,"HUMAN_OBSERVATION","CONTINENT_DERIVED_FROM_COORDINATES"
-7.17563,40.32115,"Celtica gigantea",1075155207,"","PRT",NA,2001,"HUMAN_OBSERVATION","CONTINENT_DERIVED_FROM_COORDINATES"
-6.9539,39.86701,"Celtica gigantea",1075191781,"","PRT",NA,2000,"HUMAN_OBSERVATION","CONTINENT_DERIVED_FROM_COORDINATES"
-7.5325,40.14605,"Celtica gigantea",1075220821,"","PRT",NA,2014,"HUMAN_OBSERVATION","CONTINENT_DERIVED_FROM_COORDINATES"
-7.31546,39.42234,"Celtica gigantea",1248820000,"","PRT",NA,2015,"HUMAN_OBSERVATION","CONTINENT_DERIVED_FROM_COORDINATES"
-8.60429,37.45119,"Celtica gigantea",1248843008,"","PRT",NA,2013,"HUMAN_OBSERVATION","CONTINENT_DERIVED_FROM_COORDINATES"
-8.12288,39.88174,"Celtica gigantea",1248885741,"","PRT",NA,2012,"HUMAN_OBSERVATION","CONTINENT_DERIVED_FROM_COORDINATES"
-9.28828,38.89352,"Celtica gigantea",1075103443,"","PRT",NA,2009,"HUMAN_OBSERVATION","CONTINENT_DERIVED_FROM_COORDINATES"
-8.11353,40.60241,"Celtica gigantea",1075194727,"","PRT",NA,2000,"HUMAN_OBSERVATION","CONTINENT_DERIVED_FROM_COORDINATES"
-6.42142,41.56778,"Celtica gigantea",1248832247,"","PRT",NA,2015,"HUMAN_OBSERVATION","CONTINENT_DERIVED_FROM_COORDINATES"
-7.04757,40.67939,"Celtica gigantea",1248864321,"","PRT",NA,2015,"HUMAN_OBSERVATION","CONTINENT_DERIVED_FROM_COORDINATES"
-8.2286,40.87349,"Celtica gigantea",1075206055,"","PRT",NA,2007,"HUMAN_OBSERVATION","CONTINENT_DERIVED_FROM_COORDINATES"
-7.28872,40.50305,"Celtica gigantea",1075239343,"","PRT",NA,2014,"HUMAN_OBSERVATION","CONTINENT_DERIVED_FROM_COORDINATES"
-6.92932,40.67733,"Celtica gigantea",1248831133,"","PRT",NA,2015,"HUMAN_OBSERVATION","CONTINENT_DERIVED_FROM_COORDINATES"
-7.9221,37.71733,"Celtica gigantea",1075121337,"","PRT",NA,2012,"HUMAN_OBSERVATION","CONTINENT_DERIVED_FROM_COORDINATES"
-8.83,37.632,"Celtica gigantea",1075131394,"","PRT",NA,2012,"HUMAN_OBSERVATION","CONTINENT_DERIVED_FROM_COORDINATES"
-7.28181,40.77319,"Celtica gigantea",1075159472,"","PRT",NA,2007,"HUMAN_OBSERVATION","CONTINENT_DERIVED_FROM_COORDINATES"
-7.40456,40.59479,"Celtica gigantea",1075172526,"","PRT",NA,2013,"HUMAN_OBSERVATION","CONTINENT_DERIVED_FROM_COORDINATES"
-7.97586,41.86235,"Celtica gigantea",1075193467,"","PRT",NA,2003,"HUMAN_OBSERVATION","CONTINENT_DERIVED_FROM_COORDINATES"
-7.63349,40.95806,"Celtica gigantea",1075208243,"","PRT",NA,2014,"HUMAN_OBSERVATION","CONTINENT_DERIVED_FROM_COORDINATES"
-7.52072,40.68642,"Celtica gigantea",1248868490,"","PRT",NA,2005,"HUMAN_OBSERVATION","CONTINENT_DERIVED_FROM_COORDINATES"
-8.94242,38.80375,"Celtica gigantea",1248816677,"","PRT",NA,2011,"HUMAN_OBSERVATION","CONTINENT_DERIVED_FROM_COORDINATES"
-8.09886,41.68324,"Celtica gigantea",1248829359,"","PRT",NA,2015,"HUMAN_OBSERVATION","CONTINENT_DERIVED_FROM_COORDINATES"
-8.83081,37.27146,"Celtica gigantea",1248842966,"","PRT",NA,2013,"HUMAN_OBSERVATION","CONTINENT_DERIVED_FROM_COORDINATES"
-8.9427,38.44327,"Celtica gigantea",1248811110,"","PRT",NA,1996,"HUMAN_OBSERVATION","CONTINENT_DERIVED_FROM_COORDINATES"
-7.93237,36.99635,"Celtica gigantea",1075140026,"","PRT",NA,2009,"HUMAN_OBSERVATION","CONTINENT_DERIVED_FROM_COORDINATES"
-7.16088,40.86141,"Celtica gigantea",1075162478,"","PRT",NA,2012,"HUMAN_OBSERVATION","CONTINENT_DERIVED_FROM_COORDINATES"
-8.23275,40.51318,"Celtica gigantea",1075194416,"","PRT",NA,2000,"HUMAN_OBSERVATION","CONTINENT_DERIVED_FROM_COORDINATES"
-9.05737,38.53339,"Celtica gigantea",1248816356,"","PRT",NA,2011,"HUMAN_OBSERVATION","CONTINENT_DERIVED_FROM_COORDINATES"
-7.11671,38.15781,"Celtica gigantea",1075127763,"","PRT",NA,2004,"HUMAN_OBSERVATION","CONTINENT_DERIVED_FROM_COORDINATES"
-7.81861,37.08541,"Celtica gigantea",1075140060,"","PRT",NA,2009,"HUMAN_OBSERVATION","CONTINENT_DERIVED_FROM_COORDINATES"
-7.82,36.99528,"Celtica gigantea",1075111389,"","PRT",NA,2009,"HUMAN_OBSERVATION","CONTINENT_DERIVED_FROM_COORDINATES"
-8.33636,41.95506,"Celtica gigantea",1075194415,"","PRT",NA,2004,"HUMAN_OBSERVATION","CONTINENT_DERIVED_FROM_COORDINATES"
-8.266,37.35944,"Celtica gigantea",1248842992,"","PRT",NA,2013,"HUMAN_OBSERVATION","CONTINENT_DERIVED_FROM_COORDINATES"
-8.13411,38.98078,"Celtica gigantea",1248825943,"","PRT",NA,2015,"HUMAN_OBSERVATION","CONTINENT_DERIVED_FROM_COORDINATES"
-7.87415,40.78049,"Celtica gigantea",1075155489,"","PRT",NA,2001,"HUMAN_OBSERVATION","CONTINENT_DERIVED_FROM_COORDINATES"
-7.76398,40.32894,"Celtica gigantea",1075214271,"","PRT",NA,2014,"HUMAN_OBSERVATION","CONTINENT_DERIVED_FROM_COORDINATES"
-7.51268,41.04664,"Celtica gigantea",1075238214,"","PRT",NA,2008,"HUMAN_OBSERVATION","CONTINENT_DERIVED_FROM_COORDINATES"
-7.857,41.77116,"Celtica gigantea",1248829369,"","PRT",NA,2015,"HUMAN_OBSERVATION","CONTINENT_DERIVED_FROM_COORDINATES"
-8.59793,38.62283,"Celtica gigantea",1075115525,"","PRT",NA,2012,"HUMAN_OBSERVATION","CONTINENT_DERIVED_FROM_COORDINATES"
-8.59993,38.26235,"Celtica gigantea",1248816154,"","PRT",NA,2012,"HUMAN_OBSERVATION","CONTINENT_DERIVED_FROM_COORDINATES"
-8.37054,38.35147,"Celtica gigantea",1075150034,"","PRT",NA,2013,"HUMAN_OBSERVATION","CONTINENT_DERIVED_FROM_COORDINATES"
-7.39154,41.13509,"Celtica gigantea",1075213160,"","PRT",NA,2003,"HUMAN_OBSERVATION","CONTINENT_DERIVED_FROM_COORDINATES"
-7.88463,40.14998,"Celtica gigantea",1075220406,"","PRT",NA,1996,"HUMAN_OBSERVATION","CONTINENT_DERIVED_FROM_COORDINATES"
-6.91807,41.03743,"Celtica gigantea",1075239721,"","PRT",NA,2004,"HUMAN_OBSERVATION","CONTINENT_DERIVED_FROM_COORDINATES"
-5.25,36.32,"Celtica gigantea",3855057947,"Málaga, Sª de Chullera, Manilva","ESP",707,2015,"PRESERVED_SPECIMEN","OCCURRENCE_STATUS_INFERRED_FROM_INDIVIDUAL_COUNT;GEODETIC_DATUM_ASSUMED_WGS84;CONTINENT_DERIVED_FROM_COORDINATES;INSTITUTION_MATCH_FUZZY;COLLECTION_MATCH_NONE"
-3.28,36.82,"Celtica gigantea",3855065671,"Granada, Sª Nevada, La Contraviesa, Haza del Lino.","ESP",7071,1987,"PRESERVED_SPECIMEN","OCCURRENCE_STATUS_INFERRED_FROM_INDIVIDUAL_COUNT;GEODETIC_DATUM_ASSUMED_WGS84;CONTINENT_DERIVED_FROM_COORDINATES;INSTITUTION_MATCH_FUZZY;COLLECTION_MATCH_NONE"
-6.8,41.04,"Celtica gigantea",3855070172,"Tras-os-Montes, Barragem de Saucelhe.","PRT",707,1997,"PRESERVED_SPECIMEN","OCCURRENCE_STATUS_INFERRED_FROM_INDIVIDUAL_COUNT;GEODETIC_DATUM_ASSUMED_WGS84;CONTINENT_DERIVED_FROM_COORDINATES;INSTITUTION_MATCH_FUZZY;COLLECTION_MATCH_NONE"
-7.937727,38.580841,"Celtica gigantea",3124532097,"","PRT",205,2021,"HUMAN_OBSERVATION","COORDINATE_ROUNDED;CONTINENT_DERIVED_FROM_COORDINATES"
-4.921,36.756,"Celtica gigantea",415623822,"Yunquera; Sierra Cabrilla. Los Labrados","ESP",707,2010,"PRESERVED_SPECIMEN","OCCURRENCE_STATUS_INFERRED_FROM_INDIVIDUAL_COUNT;GEODETIC_DATUM_ASSUMED_WGS84;CONTINENT_DERIVED_FROM_COORDINATES;INSTITUTION_MATCH_FUZZY;COLLECTION_MATCH_NONE"
-5.173,36.535,"Celtica gigantea",415616406,"Jubrique; Entre Porrejón y Anícola","ESP",707,2010,"PRESERVED_SPECIMEN","OCCURRENCE_STATUS_INFERRED_FROM_INDIVIDUAL_COUNT;GEODETIC_DATUM_ASSUMED_WGS84;CONTINENT_DERIVED_FROM_COORDINATES;INSTITUTION_MATCH_FUZZY;COLLECTION_MATCH_NONE"
-5.34,36.523,"Celtica gigantea",415616407,"Gaucín; Hacho de Gaucín","ESP",707,2010,"PRESERVED_SPECIMEN","OCCURRENCE_STATUS_INFERRED_FROM_INDIVIDUAL_COUNT;GEODETIC_DATUM_ASSUMED_WGS84;CONTINENT_DERIVED_FROM_COORDINATES;INSTITUTION_MATCH_FUZZY;COLLECTION_MATCH_NONE"
-4.88488,36.57372,"Celtica gigantea",199466720,"Ojén; Sierra Blanca. Olivar del Juanar","ESP",500,1990,"PRESERVED_SPECIMEN","OCCURRENCE_STATUS_INFERRED_FROM_INDIVIDUAL_COUNT;GEODETIC_DATUM_ASSUMED_WGS84;CONTINENT_DERIVED_FROM_COORDINATES;INSTITUTION_MATCH_FUZZY;COLLECTION_MATCH_NONE"
-4.788,36.785,"Celtica gigantea",1265270799,"Casarabonela; Sierra de la Robla. Cara Sur. Pista principal de subida","ESP",707,2015,"PRESERVED_SPECIMEN","OCCURRENCE_STATUS_INFERRED_FROM_INDIVIDUAL_COUNT;GEODETIC_DATUM_ASSUMED_WGS84;CONTINENT_DERIVED_FROM_COORDINATES;INSTITUTION_MATCH_FUZZY;COLLECTION_MATCH_NONE"
-5.043,36.691,"Celtica gigantea",199466950,"Ronda; P. N. Sierra de las Nieves. Carril de subida a Quejigales. Pasado el desvío de la falda Sur del Torrecilla","ESP",707,1997,"PRESERVED_SPECIMEN","OCCURRENCE_STATUS_INFERRED_FROM_INDIVIDUAL_COUNT;GEODETIC_DATUM_ASSUMED_WGS84;CONTINENT_DERIVED_FROM_COORDINATES;INSTITUTION_MATCH_FUZZY;COLLECTION_MATCH_NONE"
-4.44998,36.97707,"Celtica gigantea",781075220,"Antequera; Sierra de las Cabras. Vaguada de subida a Puerto Lucena, siguiendo la línea eléctrica","ESP",380,2012,"PRESERVED_SPECIMEN","OCCURRENCE_STATUS_INFERRED_FROM_INDIVIDUAL_COUNT;GEODETIC_DATUM_ASSUMED_WGS84;CONTINENT_DERIVED_FROM_COORDINATES;INSTITUTION_MATCH_FUZZY;COLLECTION_MATCH_NONE"
-4.936,36.891,"Celtica gigantea",415623771,"Cañete la Real; Sierra de Ortegícar. Pista entre Cerro Escribano y cortijo de los Rompedizos","ESP",707,2008,"PRESERVED_SPECIMEN","OCCURRENCE_STATUS_INFERRED_FROM_INDIVIDUAL_COUNT;GEODETIC_DATUM_ASSUMED_WGS84;CONTINENT_DERIVED_FROM_COORDINATES;INSTITUTION_MATCH_FUZZY;COLLECTION_MATCH_NONE"
-3.859,36.94,"Celtica gigantea",199467291,"Arenas del Rey; P. N. de las Sierras de Tejeda, Almijara y Alhama. Carril de la Resinera a pista de aterrizaje","ESP",707,2004,"PRESERVED_SPECIMEN","OCCURRENCE_STATUS_INFERRED_FROM_INDIVIDUAL_COUNT;GEODETIC_DATUM_ASSUMED_WGS84;CONTINENT_DERIVED_FROM_COORDINATES;INSTITUTION_MATCH_FUZZY;COLLECTION_MATCH_NONE"
-5.087,36.663,"Celtica gigantea",781075211,"Parauta; P. N. Sierra de las Nieves. Conejeras, entrada al sendero circular","ESP",707,2012,"PRESERVED_SPECIMEN","OCCURRENCE_STATUS_INFERRED_FROM_INDIVIDUAL_COUNT;GEODETIC_DATUM_ASSUMED_WGS84;CONTINENT_DERIVED_FROM_COORDINATES;INSTITUTION_MATCH_FUZZY;COLLECTION_MATCH_NONE"
-5.29,36.722,"Celtica gigantea",199507626,"Benaoján; Cercanías al puerto del Alzaibe","ESP",707,2002,"PRESERVED_SPECIMEN","OCCURRENCE_STATUS_INFERRED_FROM_INDIVIDUAL_COUNT;GEODETIC_DATUM_ASSUMED_WGS84;CONTINENT_DERIVED_FROM_COORDINATES;INSTITUTION_MATCH_FUZZY;COLLECTION_MATCH_NONE"
-2.68,38.59,"Celtica gigantea",3812238921,"Villapalacios, Sierra del Relumbrar, arroyo de la Cueva","ESP",707,1993,"PRESERVED_SPECIMEN","GEODETIC_DATUM_ASSUMED_WGS84;CONTINENT_DERIVED_FROM_COORDINATES;INSTITUTION_MATCH_FUZZY;COLLECTION_MATCH_FUZZY"
-4.24,39.04,"Celtica gigantea",3812240097,"Piedrabuena, río Bullaque, Tabla de la Yedra","ESP",707,1991,"PRESERVED_SPECIMEN","GEODETIC_DATUM_ASSUMED_WGS84;CONTINENT_DERIVED_FROM_COORDINATES;INSTITUTION_MATCH_FUZZY;COLLECTION_MATCH_FUZZY"
-3.95,38.76,"Celtica gigantea",2960591098,"Argamasilla de Calatrava, Finca La laguna, Laguna de las Carboneras","ESP",707,2001,"PRESERVED_SPECIMEN","GEODETIC_DATUM_ASSUMED_WGS84;CONTINENT_DERIVED_FROM_COORDINATES;INSTITUTION_MATCH_FUZZY;COLLECTION_MATCH_FUZZY"
-3.84,39.41,"Celtica gigantea",3812253722,"Los Yébenes, Montes de Toledo, estación de Urda","ESP",707,1980,"PRESERVED_SPECIMEN","GEODETIC_DATUM_ASSUMED_WGS84;CONTINENT_DERIVED_FROM_COORDINATES;INSTITUTION_MATCH_FUZZY;COLLECTION_MATCH_FUZZY"
-5.38,41.12,"Celtica gigantea",2960548304,"Hinojosa de San Vicente. Pico de San Vicente","ESP",NA,2003,"PRESERVED_SPECIMEN","GEODETIC_DATUM_ASSUMED_WGS84;CONTINENT_DERIVED_FROM_COORDINATES;INSTITUTION_MATCH_FUZZY;COLLECTION_MATCH_FUZZY"
-4.44,39.47,"Celtica gigantea",1265474743,"Retuerta del Bullaque","ESP",NA,2010,"PRESERVED_SPECIMEN","INSTITUTION_MATCH_NONE"
-5.53361,38.87833,"Celtica gigantea",2382594362,"Extremadura, Badajoz, Campanario, 38,878262 N 5,533705 W","ESP",NA,2014,"PRESERVED_SPECIMEN","CONTINENT_DERIVED_FROM_COORDINATES;INSTITUTION_MATCH_FUZZY;COLLECTION_MATCH_NONE"
-5.14,35.1025,"Celtica gigantea",1842845626,"Chefchaouen, Bab Taza, barranco entre Bou Slimane y el Jbel Lakraa","MAR",NA,1993,"PRESERVED_SPECIMEN","GEODETIC_DATUM_ASSUMED_WGS84;CONTINENT_DERIVED_FROM_COORDINATES;INSTITUTION_MATCH_NONE"
-2.42,34.82,"Celtica gigantea",3326662465,"19, Oujda, Mountains of Beni Snassen, above Taforalt","MAR",NA,1993,"PRESERVED_SPECIMEN","GEODETIC_DATUM_ASSUMED_WGS84;CONTINENT_DERIVED_FROM_COORDINATES;INSTITUTION_MATCH_NONE"
-8.573216,39.364472,"Celtica gigantea",3090767130,"","PRT",22,2021,"HUMAN_OBSERVATION","COORDINATE_ROUNDED;CONTINENT_DERIVED_FROM_COORDINATES"
-4.533796,40.232149,"Celtica gigantea",4011524393,"","ESP",5000,2021,"HUMAN_OBSERVATION","COORDINATE_ROUNDED;CONTINENT_DERIVED_FROM_COORDINATES"
-3.615442,41.037033,"Celtica gigantea",3923501356,"","ESP",NA,2022,"HUMAN_OBSERVATION","COORDINATE_ROUNDED;CONTINENT_DERIVED_FROM_COORDINATES"
-5.466667,36.133333,"Celtica gigantea",2515737608,"Spain. Prope promontiorum Punta Mala 15 km in dir. bor.-or. ab urbe Alcegiras (Andalusia).","ESP",NA,1957,"PRESERVED_SPECIMEN","INSTITUTION_MATCH_FUZZY;INSTITUTION_COLLECTION_MISMATCH"
-120.850232,35.371356,"Celtica gigantea",3329992487,"Morro Bay at intersection of Quintana Road and Main Street","USA",NA,2014,"PRESERVED_SPECIMEN","GEODETIC_DATUM_ASSUMED_WGS84;CONTINENT_DERIVED_FROM_COORDINATES;INSTITUTION_MATCH_FUZZY"
-4.018305,39.846258,"Celtica gigantea",4018288532,"","ESP",32,2022,"HUMAN_OBSERVATION","CONTINENT_DERIVED_FROM_COORDINATES"
-5.2,42.36,"Celtica gigantea",85340807,"Vallecillo, Sahagún.","ESP",NA,1986,"PRESERVED_SPECIMEN","INDIVIDUAL_COUNT_INVALID;GEODETIC_DATUM_ASSUMED_WGS84;CONTINENT_DERIVED_FROM_COORDINATES;INSTITUTION_MATCH_FUZZY;COLLECTION_MATCH_FUZZY"
-7.907167,39.3088,"Celtica gigantea",3415105838,"Ponte de Sor, Torre das Vargens","PRT",301,1972,"HUMAN_OBSERVATION",""
-8.010086,39.249642,"Celtica gigantea",3415106608,"Ponte de Sor","PRT",3036,1972,"HUMAN_OBSERVATION",""
-8.80876,39.560329,"Celtica gigantea",3859473122,"","PRT",NA,2022,"HUMAN_OBSERVATION","COORDINATE_ROUNDED;CONTINENT_DERIVED_FROM_COORDINATES"
-5.016389,38.438056,"Celtica gigantea",3994183400,"","ESP",NA,2021,"HUMAN_OBSERVATION","COORDINATE_ROUNDED;CONTINENT_DERIVED_FROM_COORDINATES"
3.87255,45.02638,"Celtica gigantea",3937694591,"Vals-près-le-Puy (Jardin de Mr. R. Portal)","FRA",148,2004,"HUMAN_OBSERVATION","CONTINENT_DERIVED_FROM_COORDINATES"
-6.15,42.28,"Celtica gigantea",894166885,"Quintanilla de Flórez","ESP",7071,1983,"PRESERVED_SPECIMEN","OCCURRENCE_STATUS_INFERRED_FROM_INDIVIDUAL_COUNT;GEODETIC_DATUM_ASSUMED_WGS84;CONTINENT_DERIVED_FROM_COORDINATES;INSTITUTION_MATCH_FUZZY;COLLECTION_MATCH_FUZZY"
-4.8775,42.3872,"Celtica gigantea",1851332764,"Ledigos. Valdehaya","ESP",71,2014,"PRESERVED_SPECIMEN","OCCURRENCE_STATUS_INFERRED_FROM_INDIVIDUAL_COUNT;GEODETIC_DATUM_ASSUMED_WGS84;CONTINENT_DERIVED_FROM_COORDINATES;INSTITUTION_MATCH_FUZZY;COLLECTION_MATCH_FUZZY"
-5.13,42.39,"Celtica gigantea",894159986,"Gordaliza del Pino","ESP",7071,1988,"PRESERVED_SPECIMEN","OCCURRENCE_STATUS_INFERRED_FROM_INDIVIDUAL_COUNT;GEODETIC_DATUM_ASSUMED_WGS84;CONTINENT_DERIVED_FROM_COORDINATES;INSTITUTION_MATCH_FUZZY;COLLECTION_MATCH_FUZZY"
-5.49,42.29,"Celtica gigantea",894158977,"Valencia de Don Juan","ESP",7071,1974,"PRESERVED_SPECIMEN","OCCURRENCE_STATUS_INFERRED_FROM_INDIVIDUAL_COUNT;GEODETIC_DATUM_ASSUMED_WGS84;CONTINENT_DERIVED_FROM_COORDINATES;INSTITUTION_MATCH_FUZZY;COLLECTION_MATCH_FUZZY"
-4.62,41.59,"Celtica gigantea",894161441,"Tudela de Duero","ESP",7071,1990,"PRESERVED_SPECIMEN","OCCURRENCE_STATUS_INFERRED_FROM_INDIVIDUAL_COUNT;GEODETIC_DATUM_ASSUMED_WGS84;CONTINENT_DERIVED_FROM_COORDINATES;INSTITUTION_MATCH_FUZZY;COLLECTION_MATCH_FUZZY"
-5.4092,36.9058,"Celtica gigantea",1936201729,"Algodonales, ladera norte de la sierra de Líjar","ESP",NA,2009,"PRESERVED_SPECIMEN","GEODETIC_DATUM_ASSUMED_WGS84;CONTINENT_DERIVED_FROM_COORDINATES;INSTITUTION_MATCH_FUZZY;COLLECTION_MATCH_FUZZY"
-6.5447,37.1397,"Celtica gigantea",1936691547,"P.N. Doñana, hacia el Palacio del Acebrón","ESP",NA,2007,"PRESERVED_SPECIMEN","GEODETIC_DATUM_ASSUMED_WGS84;CONTINENT_DERIVED_FROM_COORDINATES;INSTITUTION_MATCH_FUZZY;COLLECTION_MATCH_FUZZY"
-5.87611,38.88667,"Celtica gigantea",1849006162,"Prov. Badajoz. Don Benito. Sierra de Las Cruces.","ESP",NA,2013,"PRESERVED_SPECIMEN","CONTINENT_DERIVED_FROM_COORDINATES;INSTITUTION_MATCH_FUZZY;COLLECTION_MATCH_NONE"
-9.43722,38.76806,"Celtica gigantea",3709788556,"Portugal, Distrikt Lisboa, Serra de Sintra, ca. 3 km NNE Malveira da Serra, 365 m","PRT",10,2010,"PRESERVED_SPECIMEN","CONTINENT_DERIVED_FROM_COORDINATES;INSTITUTION_MATCH_FUZZY;COLLECTION_MATCH_NONE"
-6.15694,36.32667,"Celtica gigantea",1849006582,"España, [Andalucía,] Cádiz, Conil de la Frontera, Pinar de Roche, 36,32666, -6,156877","ESP",NA,2016,"PRESERVED_SPECIMEN","CONTINENT_DERIVED_FROM_COORDINATES;INSTITUTION_MATCH_FUZZY;COLLECTION_MATCH_NONE"
-8.18387,42.66361,"Celtica gigantea",932708234,"Mosquete, Serra de Barbanza","ESP",NA,2008,"PRESERVED_SPECIMEN","RECORDED_DATE_INVALID;GEODETIC_DATUM_ASSUMED_WGS84;CONTINENT_DERIVED_FROM_COORDINATES;COORDINATE_PRECISION_INVALID;INSTITUTION_MATCH_NONE"
-8.8559,42.27017,"Celtica gigantea",932705889,"Donón","ESP",NA,2003,"PRESERVED_SPECIMEN","RECORDED_DATE_INVALID;GEODETIC_DATUM_ASSUMED_WGS84;CONTINENT_DERIVED_FROM_COORDINATES;COORDINATE_PRECISION_INVALID;INSTITUTION_MATCH_NONE"
-8.07407,41.83422,"Celtica gigantea",932707010,"Valle de As Sombras, Serra do Xurés","ESP",NA,2004,"PRESERVED_SPECIMEN","RECORDED_DATE_INVALID;GEODETIC_DATUM_ASSUMED_WGS84;CONTINENT_DERIVED_FROM_COORDINATES;COORDINATE_PRECISION_INVALID;INSTITUTION_MATCH_NONE"
-4.386454,39.66411,"Celtica gigantea",3994140548,"","ESP",19,2022,"HUMAN_OBSERVATION","COORDINATE_ROUNDED;CONTINENT_DERIVED_FROM_COORDINATES"
-8.666944,39.040833,"Celtica gigantea",3061735662,"","PRT",NA,2021,"HUMAN_OBSERVATION","COORDINATE_ROUNDED;CONTINENT_DERIVED_FROM_COORDINATES"
-123.061,44.0072,"Celtica gigantea",1321937201,"Eugene, Spring Ridge, E 43 Ave [ca 2027], 1/2 block E of Spring Blvd.","USA",NA,2002,"PRESERVED_SPECIMEN","GEODETIC_DATUM_ASSUMED_WGS84"
