"lon","lat","species","gbifID","locality","countryCode","coordinateUncertaintyInMeters","year","basisOfRecord","issue"
38.56666,-6.28333,"Corchorus olitorius",4062026697,"T6. Zaraninge Forest Reserve, near WWF office, Gongo Village, Njia Tatu, along way to Kilongo Farms. Disturbed area.","TZA",NA,1999,"PRESERVED_SPECIMEN","OCCURRENCE_STATUS_INFERRED_FROM_INDIVIDUAL_COUNT;GEODETIC_DATUM_ASSUMED_WGS84;INSTITUTION_MATCH_NONE"
36.755,-7.79111,"Corchorus olitorius",4061658126,"T6. Udzungwa Mountains National Park Headquarters, Mang'ula Village. Thick forest with tall trees, climbers and grasses.","TZA",NA,1999,"PRESERVED_SPECIMEN","OCCURRENCE_STATUS_INFERRED_FROM_INDIVIDUAL_COUNT;GEODETIC_DATUM_ASSUMED_WGS84;INSTITUTION_MATCH_NONE"
38.7275,-4.93777,"Corchorus olitorius",4061573872,"Muze riverine forest near Gliricidia sepium and cocoa plantation, W-facing slopes of Kwamngumi Forest Reserve.","TZA",NA,2000,"PRESERVED_SPECIMEN","OCCURRENCE_STATUS_INFERRED_FROM_INDIVIDUAL_COUNT;GEODETIC_DATUM_ASSUMED_WGS84;INSTITUTION_MATCH_NONE"
34.069667,-4.755167,"Corchorus olitorius",1257999916,"50 m from a road towards Ufana. Plot 3.","TZA",NA,2004,"PRESERVED_SPECIMEN","OCCURRENCE_STATUS_INFERRED_FROM_INDIVIDUAL_COUNT;COORDINATE_ROUNDED;GEODETIC_DATUM_ASSUMED_WGS84;DIFFERENT_OWNER_INSTITUTION"
97.93,24.72,"Corchorus olitorius",4043431967,"","CHN",NA,1956,"PRESERVED_SPECIMEN","COUNTRY_INVALID;GEODETIC_DATUM_ASSUMED_WGS84;CONTINENT_DERIVED_FROM_COORDINATES;INSTITUTION_MATCH_FUZZY;COLLECTION_MATCH_NONE"
112.23,22.7,"Corchorus olitorius",4045285926,"","CHN",NA,1958,"PRESERVED_SPECIMEN","COUNTRY_INVALID;GEODETIC_DATUM_ASSUMED_WGS84;CONTINENT_DERIVED_FROM_COORDINATES;INSTITUTION_MATCH_FUZZY;COLLECTION_MATCH_NONE"
100.18,26.57,"Corchorus olitorius",4044661664,"","CHN",NA,1958,"PRESERVED_SPECIMEN","COUNTRY_INVALID;GEODETIC_DATUM_ASSUMED_WGS84;CONTINENT_DERIVED_FROM_COORDINATES;INSTITUTION_MATCH_FUZZY;COLLECTION_MATCH_NONE"
101.57,21.48,"Corchorus olitorius",4043447382,"","CHN",NA,1959,"PRESERVED_SPECIMEN","COUNTRY_INVALID;GEODETIC_DATUM_ASSUMED_WGS84;CONTINENT_DERIVED_FROM_COORDINATES;INSTITUTION_MATCH_FUZZY;COLLECTION_MATCH_NONE"
120.55,32.53,"Corchorus olitorius",4045026055,"","CHN",NA,1952,"PRESERVED_SPECIMEN","COUNTRY_INVALID;GEODETIC_DATUM_ASSUMED_WGS84;CONTINENT_DERIVED_FROM_COORDINATES;INSTITUTION_MATCH_FUZZY;COLLECTION_MATCH_NONE"
102.02,23.61,"Corchorus olitorius",4043460702,"","CHN",NA,1965,"PRESERVED_SPECIMEN","COUNTRY_INVALID;GEODETIC_DATUM_ASSUMED_WGS84;CONTINENT_DERIVED_FROM_COORDINATES;INSTITUTION_MATCH_FUZZY;COLLECTION_MATCH_NONE"
135.353069,-18.109039,"Corchorus olitorius",1633546452,"West Bluebush paddock, 3km east of no.13 bore","AUS",20,2013,"HUMAN_OBSERVATION","CONTINENT_DERIVED_FROM_COORDINATES"
131.18132,-12.60985,"Corchorus olitorius",3458095064,"","AUS",25,2014,"HUMAN_OBSERVATION","CONTINENT_DERIVED_FROM_COORDINATES"
137.41441,-20.11964,"Corchorus olitorius",1633255033,"","AUS",NA,2001,"HUMAN_OBSERVATION","CONTINENT_DERIVED_FROM_COORDINATES"
129.818619,-15.895653,"Corchorus olitorius",2850152036,"Auvergne Stn and Spirit Hills","AUS",NA,1998,"HUMAN_OBSERVATION","CONTINENT_DERIVED_FROM_COORDINATES"
133.72309,-14.82297,"Corchorus olitorius",1633300537,"East of stn along river","AUS",NA,1999,"HUMAN_OBSERVATION","CONTINENT_DERIVED_FROM_COORDINATES"
130.99107,-13.501658,"Corchorus olitorius",1633499697,"cleared","AUS",NA,2007,"HUMAN_OBSERVATION","CONTINENT_DERIVED_FROM_COORDINATES"
137.48338,-19.23934,"Corchorus olitorius",1633511858,"","AUS",NA,1995,"HUMAN_OBSERVATION","CONTINENT_DERIVED_FROM_COORDINATES"
131.60101,-15.46338,"Corchorus olitorius",1633301301,"","AUS",NA,1999,"HUMAN_OBSERVATION","CONTINENT_DERIVED_FROM_COORDINATES"
134.09999,-15.27387,"Corchorus olitorius",1633299972,"","AUS",NA,1999,"HUMAN_OBSERVATION","CONTINENT_DERIVED_FROM_COORDINATES"
130.32106,-18.83852,"Corchorus olitorius",1633136378,"Tanami Survey; near Pinjari Outstation. Eucalyptus pruinosa low open woodland over Themeda avenacea tussock grassland; clay loam.","AUS",20,2004,"HUMAN_OBSERVATION","CONTINENT_DERIVED_FROM_COORDINATES"
131.076033,-13.577105,"Corchorus olitorius",1633503345,"regrowth","AUS",NA,2007,"HUMAN_OBSERVATION","CONTINENT_DERIVED_FROM_COORDINATES"
135.902607,-18.700633,"Corchorus olitorius",1805957331,"Level plain with self-mulching, grey, cracking clay with shallow gilgai.","AUS",20,2017,"HUMAN_OBSERVATION","CONTINENT_DERIVED_FROM_COORDINATES"
129.017844,-15.40746,"Corchorus olitorius",2445731905,"","AUS",20,2018,"HUMAN_OBSERVATION","CONTINENT_DERIVED_FROM_COORDINATES"
128.77123,-17.41858,"Corchorus olitorius",1633294420,"","AUS",NA,1989,"HUMAN_OBSERVATION","CONTINENT_DERIVED_FROM_COORDINATES"
128.738333,-15.888333,"Corchorus olitorius",1633237608,"Abattoir- Kununurra","AUS",NA,2006,"HUMAN_OBSERVATION","CONTINENT_DERIVED_FROM_COORDINATES"
-156.467,20.7833,"Corchorus olitorius",36157218,"Central Maui, southern coast of isthmus, Kealia Pond National Wildlife Refuge","USA",NA,1998,"PRESERVED_SPECIMEN","GEODETIC_DATUM_ASSUMED_WGS84;CONTINENT_DERIVED_FROM_COORDINATES;INSTITUTION_MATCH_FUZZY;COLLECTION_MATCH_FUZZY"
120.77802,22.21447,"Corchorus olitorius",1313720833,"","TWN",5,2010,"HUMAN_OBSERVATION","CONTINENT_DERIVED_FROM_COORDINATES"
121.18723,22.83779,"Corchorus olitorius",1313721014,"","TWN",5,2011,"HUMAN_OBSERVATION","CONTINENT_DERIVED_FROM_COORDINATES"
120.74887,22.1088,"Corchorus olitorius",1313719812,"","TWN",5,2010,"HUMAN_OBSERVATION","CONTINENT_DERIVED_FROM_COORDINATES"
120.72437,21.96961,"Corchorus olitorius",1313717322,"","TWN",5,2010,"HUMAN_OBSERVATION","CONTINENT_DERIVED_FROM_COORDINATES"
120.84582,22.11452,"Corchorus olitorius",1313720214,"","TWN",5,2010,"HUMAN_OBSERVATION","CONTINENT_DERIVED_FROM_COORDINATES"
120.63756,23.0179,"Corchorus olitorius",1313743126,"","TWN",5,2012,"HUMAN_OBSERVATION","CONTINENT_DERIVED_FROM_COORDINATES"
120.68713,23.07431,"Corchorus olitorius",1313743272,"","TWN",5,2012,"HUMAN_OBSERVATION","CONTINENT_DERIVED_FROM_COORDINATES"
-16.658428,13.286472,"Corchorus olitorius",3985956655,"","GMB",4,2022,"HUMAN_OBSERVATION","COORDINATE_ROUNDED;CONTINENT_DERIVED_FROM_COORDINATES"
31.152778,-25.473889,"Corchorus olitorius",3784809352,"","ZAF",5,2021,"HUMAN_OBSERVATION","COORDINATE_ROUNDED;CONTINENT_DERIVED_FROM_COORDINATES"
98.873333,24.985278,"Corchorus olitorius",2825622765,"Yunnan Province","CHN",NA,2003,"PRESERVED_SPECIMEN","COORDINATE_ROUNDED;COUNTRY_INVALID;GEODETIC_DATUM_ASSUMED_WGS84;GEODETIC_DATUM_INVALID;CONTINENT_DERIVED_FROM_COORDINATES;INSTITUTION_MATCH_FUZZY;COLLECTION_MATCH_NONE"
-55.691389,-20.328889,"Corchorus olitorius",2451464742,"Aldeia Terena Limão Verde.","BRA",NA,2003,"PRESERVED_SPECIMEN","COORDINATE_ROUNDED;GEODETIC_DATUM_ASSUMED_WGS84;CONTINENT_DERIVED_FROM_COORDINATES;INSTITUTION_MATCH_FUZZY;INSTITUTION_COLLECTION_MISMATCH"
119.896294,16.388712,"Corchorus olitorius",3957487609,"","PHL",12,2022,"HUMAN_OBSERVATION","COORDINATE_ROUNDED;COUNTRY_DERIVED_FROM_COORDINATES;CONTINENT_DERIVED_FROM_COORDINATES"
125.087386,7.915978,"Corchorus olitorius",3958022554,"","PHL",NA,2021,"HUMAN_OBSERVATION","COORDINATE_ROUNDED;COUNTRY_DERIVED_FROM_COORDINATES;CONTINENT_DERIVED_FROM_COORDINATES"
78.069688,28.70182,"Corchorus olitorius",3951835299,"","IND",8,2019,"HUMAN_OBSERVATION","COORDINATE_ROUNDED;COUNTRY_DERIVED_FROM_COORDINATES;CONTINENT_DERIVED_FROM_COORDINATES"
140.835,-17.456944,"Corchorus olitorius",2827423809,"Karumba Live Cattle Export Loading Facility.","AUS",100,1997,"PRESERVED_SPECIMEN","CONTINENT_DERIVED_FROM_COORDINATES;INSTITUTION_MATCH_FUZZY;COLLECTION_MATCH_FUZZY"
146.263056,-19.293889,"Corchorus olitorius",2827265917,"Defence Dept's Townsville Field Training Area, Little Star River.","AUS",1000,2006,"PRESERVED_SPECIMEN","CONTINENT_DERIVED_FROM_COORDINATES;INSTITUTION_MATCH_FUZZY;COLLECTION_MATCH_FUZZY"
143.442778,-16.446667,"Corchorus olitorius",2827703367,"Creekline N of Drumduff Road and Mitchell River. 32km E of Highbury Station homestead.","AUS",100,2004,"PRESERVED_SPECIMEN","CONTINENT_DERIVED_FROM_COORDINATES;INSTITUTION_MATCH_FUZZY;COLLECTION_MATCH_FUZZY"
145.849167,-17.882778,"Corchorus olitorius",2827188339,"Agwhite Farming, off Tea Plantation Road, West of Tully.","AUS",50,2007,"PRESERVED_SPECIMEN","CONTINENT_DERIVED_FROM_COORDINATES;INSTITUTION_MATCH_FUZZY;COLLECTION_MATCH_FUZZY"
146.360833,-20.893333,"Corchorus olitorius",2827212733,"Burdekin River Catchment, Campaspe River, Nosnillor Station, Muckinbulla Waterhole.","AUS",1000,2002,"PRESERVED_SPECIMEN","CONTINENT_DERIVED_FROM_COORDINATES;INSTITUTION_MATCH_FUZZY;COLLECTION_MATCH_FUZZY"
-16.454926,13.643978,"Corchorus olitorius",1913355353,"Fathala Forest","SEN",NA,2009,"HUMAN_OBSERVATION","CONTINENT_DERIVED_FROM_COORDINATES"
-16.452445,13.697891,"Corchorus olitorius",1913355359,"Fathala Forest","SEN",NA,2009,"HUMAN_OBSERVATION","CONTINENT_DERIVED_FROM_COORDINATES"
2.340724,6.507367,"Corchorus olitorius",2557710790,"","BEN",NA,2019,"HUMAN_OBSERVATION","COORDINATE_ROUNDED;CONTINENT_DERIVED_FROM_COORDINATES"
75.416992,21.01251,"Corchorus olitorius",2901828610,"","IND",295,2020,"HUMAN_OBSERVATION","COORDINATE_ROUNDED;CONTINENT_DERIVED_FROM_COORDINATES"
129.821111,-15.441061,"Corchorus olitorius",1633563124,"","AUS",NA,2008,"HUMAN_OBSERVATION","CONTINENT_DERIVED_FROM_COORDINATES"
131.221222,-13.703824,"Corchorus olitorius",1633503793,"regrowth E. min. dominant","AUS",NA,2007,"HUMAN_OBSERVATION","CONTINENT_DERIVED_FROM_COORDINATES"
130.46895,-17.41329,"Corchorus olitorius",1633546968,"Approximately 13km N of Burta Wurta from Buntine Hwy.","AUS",20,2012,"HUMAN_OBSERVATION","CONTINENT_DERIVED_FROM_COORDINATES"
130.68472,-17.59321,"Corchorus olitorius",1633545009,"Track to McDonalds Yard","AUS",20,2012,"HUMAN_OBSERVATION","CONTINENT_DERIVED_FROM_COORDINATES"
137.65663,-20.3771,"Corchorus olitorius",1633248110,"","AUS",NA,2001,"HUMAN_OBSERVATION","CONTINENT_DERIVED_FROM_COORDINATES"
135.6033,-16.15444,"Corchorus olitorius",1633077955,"Limmen NP, Billengarah block. Small patch (large enough to map) on black soil of Terminalia volucris, Bauhinia cunninghamii and Melaleuca citrolens over Iseilima, Dichanthium fecundum and D. sericeum. Site 427","AUS",5,2010,"HUMAN_OBSERVATION","CONTINENT_DERIVED_FROM_COORDINATES"
131.79401,-16.71267,"Corchorus olitorius",1633540501,"","AUS",NA,1999,"HUMAN_OBSERVATION","CONTINENT_DERIVED_FROM_COORDINATES"
133.33891,-16.92026,"Corchorus olitorius",1633513265,"","AUS",NA,1996,"HUMAN_OBSERVATION","CONTINENT_DERIVED_FROM_COORDINATES"
131.78185,-17.58324,"Corchorus olitorius",1633136317,"Tanami Survey; Cattle Creek Station. Aristida / Chrysopogon / Eulalia / Eriachne grassland on gilgai grey cracking clay (semi melon hole country).","AUS",20,2004,"HUMAN_OBSERVATION","CONTINENT_DERIVED_FROM_COORDINATES"
128.735833,-15.8075,"Corchorus olitorius",1633238448,"Quarantine Yards Kununurra","AUS",NA,2002,"HUMAN_OBSERVATION","CONTINENT_DERIVED_FROM_COORDINATES"
133.851283,-17.713136,"Corchorus olitorius",1633552600,"Collei paddock, 3km north east of One Tree Bore.","AUS",20,2013,"HUMAN_OBSERVATION","CONTINENT_DERIVED_FROM_COORDINATES"
-85.3725,10.163889,"Corchorus olitorius",1257526540,"P.N. Barra Honda. Cuenca del Tempisque. Barra Honda. Bosques y senderos en los alrededores de la estación.","CRI",NA,1998,"PRESERVED_SPECIMEN","OCCURRENCE_STATUS_INFERRED_FROM_INDIVIDUAL_COUNT;COORDINATE_ROUNDED;GEODETIC_DATUM_ASSUMED_WGS84;INSTITUTION_MATCH_FUZZY;COLLECTION_MATCH_NONE"
77.97496,30.286517,"Corchorus olitorius",685752365,"WII Campus Chandrabani, Dehra Dun","IND",NA,1993,"PRESERVED_SPECIMEN","COORDINATE_ROUNDED;GEODETIC_DATUM_ASSUMED_WGS84;INSTITUTION_MATCH_FUZZY;COLLECTION_MATCH_NONE"
76.412273,27.364386,"Corchorus olitorius",685748310,"Sariska TR","IND",NA,1985,"PRESERVED_SPECIMEN","GEODETIC_DATUM_ASSUMED_WGS84;INSTITUTION_MATCH_FUZZY;COLLECTION_MATCH_NONE"
78.605824,17.172884,"Corchorus olitorius",4046245445,"","IND",3472,2021,"HUMAN_OBSERVATION","COORDINATE_ROUNDED;CONTINENT_DERIVED_FROM_COORDINATES"
-158.150701,21.446186,"Corchorus olitorius",4021955829,"","USA",NA,2023,"HUMAN_OBSERVATION","COORDINATE_ROUNDED;CONTINENT_DERIVED_FROM_COORDINATES"
79.812347,28.309125,"Corchorus olitorius",4046400381,"","IND",311,2020,"HUMAN_OBSERVATION","COORDINATE_ROUNDED;CONTINENT_DERIVED_FROM_COORDINATES"
-106.613967,23.511117,"Corchorus olitorius",2422826305,"","MEX",NA,2017,"HUMAN_OBSERVATION","COORDINATE_ROUNDED;CONTINENT_DERIVED_FROM_COORDINATES"
2.656375,9.322858,"Corchorus olitorius",2294446345,"","BEN",7,2019,"HUMAN_OBSERVATION","COORDINATE_ROUNDED;CONTINENT_DERIVED_FROM_COORDINATES"
5.107986,7.109069,"Corchorus olitorius",3947241454,"","NGA",NA,2022,"HUMAN_OBSERVATION","COORDINATE_ROUNDED;CONTINENT_DERIVED_FROM_COORDINATES"
-13.579999,16.140286,"Corchorus olitorius",1019296232,"Station IFAC","MRT",NA,1972,"PRESERVED_SPECIMEN","COORDINATE_ROUNDED;CONTINENT_DERIVED_FROM_COORDINATES"
34.952405,32.740632,"Corchorus olitorius",3923421835,"","ISR",NA,2022,"HUMAN_OBSERVATION","COORDINATE_ROUNDED;CONTINENT_DERIVED_FROM_COORDINATES"
-106.704444,24.0775,"Corchorus olitorius",2850616724,"","MEX",NA,2020,"HUMAN_OBSERVATION","COORDINATE_ROUNDED;CONTINENT_DERIVED_FROM_COORDINATES"
31.327492,30.652913,"Corchorus olitorius",3953705292,"","EGY",32,2020,"HUMAN_OBSERVATION","COORDINATE_ROUNDED;COUNTRY_DERIVED_FROM_COORDINATES;CONTINENT_DERIVED_FROM_COORDINATES"
2.8,12.4,"Corchorus olitorius",1948810443,"","BEN",NA,2003,"HUMAN_OBSERVATION","CONTINENT_DERIVED_FROM_COORDINATES"
0.416667,13.333333,"Corchorus olitorius",1948831149,"","BFA",NA,1976,"HUMAN_OBSERVATION","COORDINATE_ROUNDED;CONTINENT_DERIVED_FROM_COORDINATES"
13.416667,9.166667,"Corchorus olitorius",1948877652,"","CMR",NA,1990,"HUMAN_OBSERVATION","COORDINATE_ROUNDED;CONTINENT_DERIVED_FROM_COORDINATES"
14.2,10.366667,"Corchorus olitorius",1948880855,"","CMR",NA,1990,"HUMAN_OBSERVATION","COORDINATE_ROUNDED;CONTINENT_DERIVED_FROM_COORDINATES"
-23.583333,15.083333,"Corchorus olitorius",1948914520,"","CPV",NA,1992,"HUMAN_OBSERVATION","COORDINATE_ROUNDED;CONTINENT_DERIVED_FROM_COORDINATES"
1.816667,13.633333,"Corchorus olitorius",1949012360,"","NER",NA,2003,"HUMAN_OBSERVATION","COORDINATE_ROUNDED;CONTINENT_DERIVED_FROM_COORDINATES"
5.166667,14.833333,"Corchorus olitorius",1949014097,"","NER",NA,1980,"HUMAN_OBSERVATION","COORDINATE_ROUNDED;CONTINENT_DERIVED_FROM_COORDINATES"
5.2,13.783333,"Corchorus olitorius",1949016206,"","NER",NA,1983,"HUMAN_OBSERVATION","COORDINATE_ROUNDED;CONTINENT_DERIVED_FROM_COORDINATES"
5.366667,14.516667,"Corchorus olitorius",1949025267,"","NER",NA,1967,"HUMAN_OBSERVATION","COORDINATE_ROUNDED;CONTINENT_DERIVED_FROM_COORDINATES"
37.333333,19.066667,"Corchorus olitorius",1949034185,"","SDN",NA,2001,"HUMAN_OBSERVATION","COORDINATE_ROUNDED;CONTINENT_DERIVED_FROM_COORDINATES"
1.85,6.333333,"Corchorus olitorius",1948797906,"","BEN",NA,1999,"HUMAN_OBSERVATION","COORDINATE_ROUNDED;CONTINENT_DERIVED_FROM_COORDINATES"
3.016667,11.9,"Corchorus olitorius",1948808041,"","BEN",NA,2003,"HUMAN_OBSERVATION","COORDINATE_ROUNDED;CONTINENT_DERIVED_FROM_COORDINATES"
14.033333,11.1,"Corchorus olitorius",1948876239,"","CMR",NA,1990,"HUMAN_OBSERVATION","COORDINATE_ROUNDED;CONTINENT_DERIVED_FROM_COORDINATES"
13.683333,7.216667,"Corchorus olitorius",1948893346,"","CMR",NA,1989,"HUMAN_OBSERVATION","COORDINATE_ROUNDED;CONTINENT_DERIVED_FROM_COORDINATES"
-23.716667,14.983333,"Corchorus olitorius",1948913617,"","CPV",NA,1995,"HUMAN_OBSERVATION","COORDINATE_ROUNDED;CONTINENT_DERIVED_FROM_COORDINATES"
8.15,17.333333,"Corchorus olitorius",1948989919,"","NER",NA,1955,"HUMAN_OBSERVATION","COORDINATE_ROUNDED;CONTINENT_DERIVED_FROM_COORDINATES"
7.783333,18.516667,"Corchorus olitorius",1949008235,"","NER",NA,1976,"HUMAN_OBSERVATION","COORDINATE_ROUNDED;CONTINENT_DERIVED_FROM_COORDINATES"
11.416667,15.916667,"Corchorus olitorius",1949010546,"","NER",NA,2007,"HUMAN_OBSERVATION","COORDINATE_ROUNDED;CONTINENT_DERIVED_FROM_COORDINATES"
31.816667,15.166667,"Corchorus olitorius",1949038962,"","SDN",NA,1961,"HUMAN_OBSERVATION","COORDINATE_ROUNDED;CONTINENT_DERIVED_FROM_COORDINATES"
21.183333,12.85,"Corchorus olitorius",1949106441,"","TCD",NA,2005,"HUMAN_OBSERVATION","COORDINATE_ROUNDED;CONTINENT_DERIVED_FROM_COORDINATES"
-1.516667,12.616667,"Corchorus olitorius",1948870934,"","BFA",NA,2004,"HUMAN_OBSERVATION","COORDINATE_ROUNDED;CONTINENT_DERIVED_FROM_COORDINATES"
-0.316667,14.533333,"Corchorus olitorius",1948873530,"","BFA",NA,1976,"HUMAN_OBSERVATION","COORDINATE_ROUNDED;CONTINENT_DERIVED_FROM_COORDINATES"
-0.45,14.65,"Corchorus olitorius",1948873720,"","BFA",NA,1976,"HUMAN_OBSERVATION","CONTINENT_DERIVED_FROM_COORDINATES"
12.466667,7.416667,"Corchorus olitorius",1948901518,"","CMR",NA,1990,"HUMAN_OBSERVATION","COORDINATE_ROUNDED;CONTINENT_DERIVED_FROM_COORDINATES"
-23.583333,15.166667,"Corchorus olitorius",1948911799,"","CPV",NA,1994,"HUMAN_OBSERVATION","COORDINATE_ROUNDED;CONTINENT_DERIVED_FROM_COORDINATES"
31.3,15.583333,"Corchorus olitorius",1949039093,"","SDN",NA,1961,"HUMAN_OBSERVATION","COORDINATE_ROUNDED;CONTINENT_DERIVED_FROM_COORDINATES"
-14.9,12.833333,"Corchorus olitorius",1949091602,"","SEN",NA,1989,"HUMAN_OBSERVATION","COORDINATE_ROUNDED;CONTINENT_DERIVED_FROM_COORDINATES"
20.733333,14.133333,"Corchorus olitorius",1949106623,"","TCD",NA,2005,"HUMAN_OBSERVATION","COORDINATE_ROUNDED;CONTINENT_DERIVED_FROM_COORDINATES"
14.85,12.95,"Corchorus olitorius",1949113504,"","TCD",NA,2010,"HUMAN_OBSERVATION","CONTINENT_DERIVED_FROM_COORDINATES"
2.183333,11.983333,"Corchorus olitorius",1948844284,"","BFA",NA,2001,"HUMAN_OBSERVATION","COORDINATE_ROUNDED;CONTINENT_DERIVED_FROM_COORDINATES"
-2.2,11.35,"Corchorus olitorius",1948847308,"","BFA",NA,1981,"HUMAN_OBSERVATION","CONTINENT_DERIVED_FROM_COORDINATES"
-1.366667,12.466667,"Corchorus olitorius",1948871022,"","BFA",NA,2004,"HUMAN_OBSERVATION","COORDINATE_ROUNDED;CONTINENT_DERIVED_FROM_COORDINATES"
-3.2,7.133333,"Corchorus olitorius",1948925739,"","CIV",NA,1989,"HUMAN_OBSERVATION","COORDINATE_ROUNDED;CONTINENT_DERIVED_FROM_COORDINATES"
7.2,13.133333,"Corchorus olitorius",1949005177,"","NER",NA,1975,"HUMAN_OBSERVATION","COORDINATE_ROUNDED;CONTINENT_DERIVED_FROM_COORDINATES"
8.016667,17.016667,"Corchorus olitorius",1949008831,"","NER",NA,1976,"HUMAN_OBSERVATION","COORDINATE_ROUNDED;CONTINENT_DERIVED_FROM_COORDINATES"
4.5,14.55,"Corchorus olitorius",1949014669,"","NER",NA,1981,"HUMAN_OBSERVATION","CONTINENT_DERIVED_FROM_COORDINATES"
37.283333,18.9,"Corchorus olitorius",1949033790,"","SDN",NA,2000,"HUMAN_OBSERVATION","COORDINATE_ROUNDED;CONTINENT_DERIVED_FROM_COORDINATES"
16.566667,12.116667,"Corchorus olitorius",1949118735,"","TCD",NA,1990,"HUMAN_OBSERVATION","COORDINATE_ROUNDED;CONTINENT_DERIVED_FROM_COORDINATES"
-1.333333,12.416667,"Corchorus olitorius",1948870485,"","BFA",NA,2004,"HUMAN_OBSERVATION","COORDINATE_ROUNDED;CONTINENT_DERIVED_FROM_COORDINATES"
-3.866667,13.3,"Corchorus olitorius",1948874271,"","BFA",NA,1968,"HUMAN_OBSERVATION","COORDINATE_ROUNDED;CONTINENT_DERIVED_FROM_COORDINATES"
-3.9,13.066667,"Corchorus olitorius",1948874643,"","BFA",NA,1968,"HUMAN_OBSERVATION","COORDINATE_ROUNDED;CONTINENT_DERIVED_FROM_COORDINATES"
12.283333,7.55,"Corchorus olitorius",1948901289,"","CMR",NA,1990,"HUMAN_OBSERVATION","COORDINATE_ROUNDED;CONTINENT_DERIVED_FROM_COORDINATES"
-7.416667,12.966667,"Corchorus olitorius",1948940865,"","MLI",NA,1980,"HUMAN_OBSERVATION","COORDINATE_ROUNDED;CONTINENT_DERIVED_FROM_COORDINATES"
-13.333333,16.05,"Corchorus olitorius",1948964429,"","MRT",NA,1987,"HUMAN_OBSERVATION","COORDINATE_ROUNDED;CONTINENT_DERIVED_FROM_COORDINATES"
2.433333,11.983333,"Corchorus olitorius",1948996194,"","NER",NA,2004,"HUMAN_OBSERVATION","COORDINATE_ROUNDED;CONTINENT_DERIVED_FROM_COORDINATES"
2.3,12.066667,"Corchorus olitorius",1948996990,"","NER",NA,2003,"HUMAN_OBSERVATION","COORDINATE_ROUNDED;CONTINENT_DERIVED_FROM_COORDINATES"
4.783333,16.133333,"Corchorus olitorius",1949012970,"","NER",NA,1985,"HUMAN_OBSERVATION","COORDINATE_ROUNDED;CONTINENT_DERIVED_FROM_COORDINATES"
37.4,18.65,"Corchorus olitorius",1949032579,"","SDN",NA,1999,"HUMAN_OBSERVATION","CONTINENT_DERIVED_FROM_COORDINATES"
37.266667,19.166667,"Corchorus olitorius",1949034469,"","SDN",NA,2001,"HUMAN_OBSERVATION","COORDINATE_ROUNDED;CONTINENT_DERIVED_FROM_COORDINATES"
-15.916667,16.416667,"Corchorus olitorius",1949045833,"","SEN",NA,1955,"HUMAN_OBSERVATION","COORDINATE_ROUNDED;CONTINENT_DERIVED_FROM_COORDINATES"
-16.466667,14.7,"Corchorus olitorius",1949063644,"","SEN",NA,1961,"HUMAN_OBSERVATION","COORDINATE_ROUNDED;CONTINENT_DERIVED_FROM_COORDINATES"
2.516667,11.933333,"Corchorus olitorius",1948809980,"","BEN",NA,2003,"HUMAN_OBSERVATION","COORDINATE_ROUNDED;CONTINENT_DERIVED_FROM_COORDINATES"
5.716667,15.383333,"Corchorus olitorius",1948981761,"","NER",NA,1967,"HUMAN_OBSERVATION","COORDINATE_ROUNDED;CONTINENT_DERIVED_FROM_COORDINATES"
2.416667,12.25,"Corchorus olitorius",1948988606,"","NER",NA,2001,"HUMAN_OBSERVATION","COORDINATE_ROUNDED;CONTINENT_DERIVED_FROM_COORDINATES"
2.433333,12.4,"Corchorus olitorius",1948994526,"","NER",NA,2003,"HUMAN_OBSERVATION","COORDINATE_ROUNDED;CONTINENT_DERIVED_FROM_COORDINATES"
2.25,12.416667,"Corchorus olitorius",1948995742,"","NER",NA,2003,"HUMAN_OBSERVATION","COORDINATE_ROUNDED;CONTINENT_DERIVED_FROM_COORDINATES"
7.116667,13.266667,"Corchorus olitorius",1949005365,"","NER",NA,1976,"HUMAN_OBSERVATION","COORDINATE_ROUNDED;CONTINENT_DERIVED_FROM_COORDINATES"
-17.083333,14.916667,"Corchorus olitorius",1949093676,"","SEN",NA,1961,"HUMAN_OBSERVATION","COORDINATE_ROUNDED;CONTINENT_DERIVED_FROM_COORDINATES"
19.916667,11.35,"Corchorus olitorius",1949110141,"","TCD",NA,2010,"HUMAN_OBSERVATION","COORDINATE_ROUNDED;CONTINENT_DERIVED_FROM_COORDINATES"
19.066667,12.416667,"Corchorus olitorius",1949110157,"","TCD",NA,2010,"HUMAN_OBSERVATION","COORDINATE_ROUNDED;CONTINENT_DERIVED_FROM_COORDINATES"
2.933333,11.9,"Corchorus olitorius",1948810239,"","BEN",NA,2003,"HUMAN_OBSERVATION","COORDINATE_ROUNDED;CONTINENT_DERIVED_FROM_COORDINATES"
-8.2,12.566667,"Corchorus olitorius",1948952988,"","MLI",NA,1991,"HUMAN_OBSERVATION","COORDINATE_ROUNDED;CONTINENT_DERIVED_FROM_COORDINATES"
7.25,13.216667,"Corchorus olitorius",1949005096,"","NER",NA,1975,"HUMAN_OBSERVATION","COORDINATE_ROUNDED;CONTINENT_DERIVED_FROM_COORDINATES"
8.4,15.216667,"Corchorus olitorius",1949005903,"","NER",NA,1976,"HUMAN_OBSERVATION","COORDINATE_ROUNDED;CONTINENT_DERIVED_FROM_COORDINATES"
37.466667,18.75,"Corchorus olitorius",1949032881,"","SDN",NA,1999,"HUMAN_OBSERVATION","COORDINATE_ROUNDED;CONTINENT_DERIVED_FROM_COORDINATES"
2.633333,11.65,"Corchorus olitorius",1948810185,"","BEN",NA,2003,"HUMAN_OBSERVATION","COORDINATE_ROUNDED;CONTINENT_DERIVED_FROM_COORDINATES"
-9.333333,15.083333,"Corchorus olitorius",1948959619,"","MLI",NA,1981,"HUMAN_OBSERVATION","COORDINATE_ROUNDED;CONTINENT_DERIVED_FROM_COORDINATES"
-11.8,15.916667,"Corchorus olitorius",1948964084,"","MRT",NA,1987,"HUMAN_OBSERVATION","COORDINATE_ROUNDED;CONTINENT_DERIVED_FROM_COORDINATES"
8.216667,17.316667,"Corchorus olitorius",1949002265,"","NER",NA,1975,"HUMAN_OBSERVATION","COORDINATE_ROUNDED;CONTINENT_DERIVED_FROM_COORDINATES"
7.9,16.383333,"Corchorus olitorius",1949006157,"","NER",NA,1976,"HUMAN_OBSERVATION","COORDINATE_ROUNDED;CONTINENT_DERIVED_FROM_COORDINATES"
5.416667,15.1,"Corchorus olitorius",1949014427,"","NER",NA,1981,"HUMAN_OBSERVATION","COORDINATE_ROUNDED;CONTINENT_DERIVED_FROM_COORDINATES"
5.583333,15.083333,"Corchorus olitorius",1949015624,"","NER",NA,1982,"HUMAN_OBSERVATION","COORDINATE_ROUNDED;CONTINENT_DERIVED_FROM_COORDINATES"
2.733333,11.733333,"Corchorus olitorius",1948810380,"","BEN",NA,2003,"HUMAN_OBSERVATION","COORDINATE_ROUNDED;CONTINENT_DERIVED_FROM_COORDINATES"
3.266667,14.483333,"Corchorus olitorius",1948987027,"","NER",NA,2000,"HUMAN_OBSERVATION","COORDINATE_ROUNDED;CONTINENT_DERIVED_FROM_COORDINATES"
9.416667,13.583333,"Corchorus olitorius",1949023186,"","NER",NA,1966,"HUMAN_OBSERVATION","COORDINATE_ROUNDED;CONTINENT_DERIVED_FROM_COORDINATES"
-14.716667,16.466667,"Corchorus olitorius",1949071609,"","SEN",NA,1970,"HUMAN_OBSERVATION","COORDINATE_ROUNDED;CONTINENT_DERIVED_FROM_COORDINATES"
-15.016667,12.9,"Corchorus olitorius",1949089398,"","SEN",NA,1989,"HUMAN_OBSERVATION","COORDINATE_ROUNDED;CONTINENT_DERIVED_FROM_COORDINATES"
-1.5,12.583333,"Corchorus olitorius",1948870807,"","BFA",NA,2004,"HUMAN_OBSERVATION","COORDINATE_ROUNDED;CONTINENT_DERIVED_FROM_COORDINATES"
-12.583333,16.033333,"Corchorus olitorius",1948970807,"","MRT",NA,1960,"HUMAN_OBSERVATION","COORDINATE_ROUNDED;CONTINENT_DERIVED_FROM_COORDINATES"
6.416667,14.583333,"Corchorus olitorius",1949010185,"","NER",NA,1976,"HUMAN_OBSERVATION","COORDINATE_ROUNDED;CONTINENT_DERIVED_FROM_COORDINATES"
37.333333,18.833333,"Corchorus olitorius",1949033173,"","SDN",NA,2000,"HUMAN_OBSERVATION","COORDINATE_ROUNDED;CONTINENT_DERIVED_FROM_COORDINATES"
-15.1,15.55,"Corchorus olitorius",1949054528,"","SEN",NA,1971,"HUMAN_OBSERVATION","CONTINENT_DERIVED_FROM_COORDINATES"
20.25,10.933333,"Corchorus olitorius",1949126376,"","TCD",NA,1996,"HUMAN_OBSERVATION","COORDINATE_ROUNDED;CONTINENT_DERIVED_FROM_COORDINATES"
2.683333,6.966667,"Corchorus olitorius",1948797832,"","BEN",NA,1999,"HUMAN_OBSERVATION","COORDINATE_ROUNDED;CONTINENT_DERIVED_FROM_COORDINATES"
2.033333,12.083333,"Corchorus olitorius",1948843764,"","BFA",NA,2002,"HUMAN_OBSERVATION","COORDINATE_ROUNDED;CONTINENT_DERIVED_FROM_COORDINATES"
-3.833333,13.333333,"Corchorus olitorius",1948874019,"","BFA",NA,1968,"HUMAN_OBSERVATION","COORDINATE_ROUNDED;CONTINENT_DERIVED_FROM_COORDINATES"
2.533333,12.533333,"Corchorus olitorius",1948996236,"","NER",NA,2003,"HUMAN_OBSERVATION","COORDINATE_ROUNDED;CONTINENT_DERIVED_FROM_COORDINATES"
5.75,15.216667,"Corchorus olitorius",1949015393,"","NER",NA,1982,"HUMAN_OBSERVATION","COORDINATE_ROUNDED;CONTINENT_DERIVED_FROM_COORDINATES"
16.15,11.95,"Corchorus olitorius",1949104517,"","TCD",NA,1990,"HUMAN_OBSERVATION","CONTINENT_DERIVED_FROM_COORDINATES"
-7.366667,13.033333,"Corchorus olitorius",1948942716,"","MLI",NA,1980,"HUMAN_OBSERVATION","COORDINATE_ROUNDED;CONTINENT_DERIVED_FROM_COORDINATES"
1.633333,13.766667,"Corchorus olitorius",1948986973,"","NER",NA,2001,"HUMAN_OBSERVATION","COORDINATE_ROUNDED;CONTINENT_DERIVED_FROM_COORDINATES"
9.083333,13.916667,"Corchorus olitorius",1949023623,"","NER",NA,1966,"HUMAN_OBSERVATION","COORDINATE_ROUNDED;CONTINENT_DERIVED_FROM_COORDINATES"
-4.15,11.75,"Corchorus olitorius",1948822830,"","BFA",NA,1980,"HUMAN_OBSERVATION","CONTINENT_DERIVED_FROM_COORDINATES"
-9.866667,16.783333,"Corchorus olitorius",1948968610,"","MRT",NA,1958,"HUMAN_OBSERVATION","COORDINATE_ROUNDED;CONTINENT_DERIVED_FROM_COORDINATES"
10.833333,14.75,"Corchorus olitorius",1949022831,"","NER",NA,1964,"HUMAN_OBSERVATION","COORDINATE_ROUNDED;CONTINENT_DERIVED_FROM_COORDINATES"
14.85,12.616667,"Corchorus olitorius",1949110562,"","TCD",NA,2010,"HUMAN_OBSERVATION","COORDINATE_ROUNDED;CONTINENT_DERIVED_FROM_COORDINATES"
5.266667,14.166667,"Corchorus olitorius",1949017455,"","NER",NA,1984,"HUMAN_OBSERVATION","COORDINATE_ROUNDED;CONTINENT_DERIVED_FROM_COORDINATES"
-15.166667,16.033333,"Corchorus olitorius",1949085883,"","SEN",NA,1979,"HUMAN_OBSERVATION","COORDINATE_ROUNDED;CONTINENT_DERIVED_FROM_COORDINATES"
16.05,12.816667,"Corchorus olitorius",1949099448,"","TCD",NA,1990,"HUMAN_OBSERVATION","COORDINATE_ROUNDED;CONTINENT_DERIVED_FROM_COORDINATES"
3.083333,12.016667,"Corchorus olitorius",1948809549,"","BEN",NA,2003,"HUMAN_OBSERVATION","COORDINATE_ROUNDED;CONTINENT_DERIVED_FROM_COORDINATES"
-0.783333,11.783333,"Corchorus olitorius",1948847016,"","BFA",NA,1982,"HUMAN_OBSERVATION","COORDINATE_ROUNDED;CONTINENT_DERIVED_FROM_COORDINATES"
13.65,7.2,"Corchorus olitorius",1948892754,"","CMR",NA,1989,"HUMAN_OBSERVATION","CONTINENT_DERIVED_FROM_COORDINATES"
-1.8,16.5,"Corchorus olitorius",1948953525,"","MLI",NA,1989,"HUMAN_OBSERVATION","CONTINENT_DERIVED_FROM_COORDINATES"
5.816667,14.016667,"Corchorus olitorius",1948982013,"","NER",NA,1967,"HUMAN_OBSERVATION","COORDINATE_ROUNDED;CONTINENT_DERIVED_FROM_COORDINATES"
0.516667,14.05,"Corchorus olitorius",1949012848,"","NER",NA,2003,"HUMAN_OBSERVATION","COORDINATE_ROUNDED;CONTINENT_DERIVED_FROM_COORDINATES"
5.583333,14.833333,"Corchorus olitorius",1949016140,"","NER",NA,1982,"HUMAN_OBSERVATION","COORDINATE_ROUNDED;CONTINENT_DERIVED_FROM_COORDINATES"
-9.35,15.066667,"Corchorus olitorius",1948958793,"","MLI",NA,1981,"HUMAN_OBSERVATION","COORDINATE_ROUNDED;CONTINENT_DERIVED_FROM_COORDINATES"
2.166667,7,"Corchorus olitorius",1948796005,"","BEN",NA,1996,"HUMAN_OBSERVATION","COORDINATE_ROUNDED;CONTINENT_DERIVED_FROM_COORDINATES"
14.383333,10.95,"Corchorus olitorius",1948876560,"","CMR",NA,1990,"HUMAN_OBSERVATION","COORDINATE_ROUNDED;CONTINENT_DERIVED_FROM_COORDINATES"
21.466667,9.566667,"Corchorus olitorius",1948906859,"","CAF",NA,1981,"HUMAN_OBSERVATION","COORDINATE_ROUNDED;CONTINENT_DERIVED_FROM_COORDINATES"
5.533333,15,"Corchorus olitorius",1949014638,"","NER",NA,1981,"HUMAN_OBSERVATION","COORDINATE_ROUNDED;CONTINENT_DERIVED_FROM_COORDINATES"
37.366667,18.966667,"Corchorus olitorius",1949033284,"","SDN",NA,2000,"HUMAN_OBSERVATION","COORDINATE_ROUNDED;CONTINENT_DERIVED_FROM_COORDINATES"
16.416667,12.533333,"Corchorus olitorius",1949097260,"","TCD",NA,1974,"HUMAN_OBSERVATION","COORDINATE_ROUNDED;CONTINENT_DERIVED_FROM_COORDINATES"
16.066667,12.033333,"Corchorus olitorius",1949101923,"","TCD",NA,1990,"HUMAN_OBSERVATION","COORDINATE_ROUNDED;CONTINENT_DERIVED_FROM_COORDINATES"
-3.266667,10.816667,"Corchorus olitorius",1948846744,"","BFA",NA,1981,"HUMAN_OBSERVATION","COORDINATE_ROUNDED;CONTINENT_DERIVED_FROM_COORDINATES"
-1.5,16.016667,"Corchorus olitorius",1948945565,"","MLI",NA,1989,"HUMAN_OBSERVATION","COORDINATE_ROUNDED;CONTINENT_DERIVED_FROM_COORDINATES"
-12.333333,16.033333,"Corchorus olitorius",1948970584,"","MRT",NA,1955,"HUMAN_OBSERVATION","COORDINATE_ROUNDED;CONTINENT_DERIVED_FROM_COORDINATES"
2.283333,12.166667,"Corchorus olitorius",1948995411,"","NER",NA,2003,"HUMAN_OBSERVATION","COORDINATE_ROUNDED;CONTINENT_DERIVED_FROM_COORDINATES"
8.35,16.883333,"Corchorus olitorius",1949002120,"","NER",NA,1975,"HUMAN_OBSERVATION","COORDINATE_ROUNDED;CONTINENT_DERIVED_FROM_COORDINATES"
-15.416667,15.4,"Corchorus olitorius",1949064772,"","SEN",NA,1977,"HUMAN_OBSERVATION","COORDINATE_ROUNDED;CONTINENT_DERIVED_FROM_COORDINATES"
1.683333,6.933333,"Corchorus olitorius",1948796487,"","BEN",NA,1999,"HUMAN_OBSERVATION","COORDINATE_ROUNDED;CONTINENT_DERIVED_FROM_COORDINATES"
-1.566667,15.15,"Corchorus olitorius",1948945407,"","MLI",NA,1989,"HUMAN_OBSERVATION","COORDINATE_ROUNDED;CONTINENT_DERIVED_FROM_COORDINATES"
3.65,15.35,"Corchorus olitorius",1949013394,"","NER",NA,1988,"HUMAN_OBSERVATION","CONTINENT_DERIVED_FROM_COORDINATES"
16.2,11.4,"Corchorus olitorius",1949104068,"","TCD",NA,1974,"HUMAN_OBSERVATION","CONTINENT_DERIVED_FROM_COORDINATES"
21.133333,13.15,"Corchorus olitorius",1949106651,"","TCD",NA,2005,"HUMAN_OBSERVATION","COORDINATE_ROUNDED;CONTINENT_DERIVED_FROM_COORDINATES"
2.533333,12.483333,"Corchorus olitorius",1948993289,"","NER",NA,2003,"HUMAN_OBSERVATION","COORDINATE_ROUNDED;CONTINENT_DERIVED_FROM_COORDINATES"
29.783333,12.95,"Corchorus olitorius",1949028009,"","SDN",NA,1960,"HUMAN_OBSERVATION","COORDINATE_ROUNDED;CONTINENT_DERIVED_FROM_COORDINATES"
37.35,19.066667,"Corchorus olitorius",1949032951,"","SDN",NA,1999,"HUMAN_OBSERVATION","COORDINATE_ROUNDED;CONTINENT_DERIVED_FROM_COORDINATES"
120.623865,23.305662,"Corchorus olitorius",3903364467,"","TWN",NA,2022,"HUMAN_OBSERVATION","COORDINATE_ROUNDED;CONTINENT_DERIVED_FROM_COORDINATES"
-75.25,23.5417,"Corchorus olitorius",122930007,"Abandoned house in Millerton","BHS",NA,1998,"PRESERVED_SPECIMEN","GEODETIC_DATUM_ASSUMED_WGS84;CONTINENT_DERIVED_FROM_COORDINATES;INSTITUTION_COLLECTION_MISMATCH"
0.75,11.15,"Corchorus olitorius",2517878414,"Soukoui.","BFA",NA,1968,"PRESERVED_SPECIMEN","INSTITUTION_MATCH_FUZZY;INSTITUTION_COLLECTION_MISMATCH"
121.4,12.516667,"Corchorus olitorius",2516159550,"","PHL",NA,1953,"PRESERVED_SPECIMEN","INSTITUTION_MATCH_FUZZY;INSTITUTION_COLLECTION_MISMATCH"
11.533333,4.166667,"Corchorus olitorius",2516206432,"Obala.","CMR",NA,1975,"PRESERVED_SPECIMEN","INSTITUTION_MATCH_FUZZY;INSTITUTION_COLLECTION_MISMATCH"
124.816667,-17.333333,"Corchorus olitorius",2516345043,"Yamerra Gap.","AUS",NA,1983,"PRESERVED_SPECIMEN","INSTITUTION_MATCH_FUZZY;INSTITUTION_COLLECTION_MISMATCH"
13.533333,9.383333,"Corchorus olitorius",2517554547,"Pitoa.","CMR",NA,1977,"PRESERVED_SPECIMEN","INSTITUTION_MATCH_FUZZY;INSTITUTION_COLLECTION_MISMATCH"
-4.77,37.87,"Corchorus olitorius",2597211434,"Córdoba, Jardín Botánico de Córdoba","ESP",707,1982,"PRESERVED_SPECIMEN","OCCURRENCE_STATUS_INFERRED_FROM_INDIVIDUAL_COUNT;GEODETIC_DATUM_ASSUMED_WGS84;CONTINENT_DERIVED_FROM_COORDINATES;INSTITUTION_MATCH_FUZZY;COLLECTION_MATCH_FUZZY"
143.545724,-24.158584,"Corchorus olitorius",2418474907,"Lochern National Park.","AUS",100,2008,"PRESERVED_SPECIMEN","COORDINATE_ROUNDED;CONTINENT_DERIVED_FROM_COORDINATES;INSTITUTION_MATCH_FUZZY;COLLECTION_MATCH_NONE"
143.945833,-16.454444,"Corchorus olitorius",2418509027,"Papa Bore, north of the Burke Development Road on Wrotham Park.","AUS",100,2003,"PRESERVED_SPECIMEN","COORDINATE_ROUNDED;CONTINENT_DERIVED_FROM_COORDINATES;INSTITUTION_MATCH_FUZZY;COLLECTION_MATCH_NONE"
142.544577,-25.376862,"Corchorus olitorius",2418652816,"Cooper Creek, Woolshed Swamp near Windorah.","AUS",100,2001,"PRESERVED_SPECIMEN","CONTINENT_DERIVED_FROM_COORDINATES;INSTITUTION_MATCH_FUZZY;COLLECTION_MATCH_NONE"
145.342773,-16.140137,"Corchorus olitorius",2418797447,"Stevens Road, Julatten, property of R. Ashford.","AUS",2000,2004,"PRESERVED_SPECIMEN","COORDINATE_ROUNDED;CONTINENT_DERIVED_FROM_COORDINATES;INSTITUTION_MATCH_FUZZY;COLLECTION_MATCH_NONE"
147.426099,-19.673448,"Corchorus olitorius",2418963143,"0.75M NE of Home Hill.","AUS",2000,1969,"PRESERVED_SPECIMEN","COORDINATE_ROUNDED;CONTINENT_DERIVED_FROM_COORDINATES;INSTITUTION_MATCH_FUZZY;COLLECTION_MATCH_NONE"
143.309517,-24.240133,"Corchorus olitorius",2418471744,"Thomson River, 800m SW of 'Waterloo' Homestead.","AUS",2000,1989,"PRESERVED_SPECIMEN","COORDINATE_ROUNDED;CONTINENT_DERIVED_FROM_COORDINATES;INSTITUTION_MATCH_FUZZY;COLLECTION_MATCH_NONE"
144.877222,-21.386111,"Corchorus olitorius",2418650292,"In Moorrinya National Park, 70km S of Torrens Creek, 17km NW of Ranger Station (DEU site 637).","AUS",100,2006,"PRESERVED_SPECIMEN","CONTINENT_DERIVED_FROM_COORDINATES;INSTITUTION_MATCH_FUZZY;COLLECTION_MATCH_NONE"
139.94726,-18.914778,"Corchorus olitorius",2418460829,"West of turnoff to 'Lorraine' and 28km ESE of 'Nardoo'.","AUS",100,2006,"PRESERVED_SPECIMEN","COORDINATE_ROUNDED;CONTINENT_DERIVED_FROM_COORDINATES;INSTITUTION_MATCH_FUZZY;COLLECTION_MATCH_NONE"
148.768905,-26.534542,"Corchorus olitorius",2418681353,"Roma, at 113 Euthulla Road.","AUS",100,2008,"PRESERVED_SPECIMEN","COORDINATE_ROUNDED;CONTINENT_DERIVED_FROM_COORDINATES;INSTITUTION_MATCH_FUZZY;COLLECTION_MATCH_NONE"
130.976187,-13.440251,"Corchorus olitorius",4017009123,"Tipperary Station, Bulls Run Creek.","AUS",2000,1990,"PRESERVED_SPECIMEN","COORDINATE_ROUNDED;CONTINENT_DERIVED_FROM_COORDINATES;INSTITUTION_MATCH_FUZZY;COLLECTION_MATCH_NONE"
148.733582,-20.29594,"Corchorus olitorius",2418707993,"Timberland Rd, Airlie Beach.","AUS",100,2000,"PRESERVED_SPECIMEN","COORDINATE_ROUNDED;CONTINENT_DERIVED_FROM_COORDINATES;INSTITUTION_MATCH_FUZZY;COLLECTION_MATCH_NONE"
140.95951,-19.806819,"Corchorus olitorius",2418534324,"Approx 30 to 35km NW of Sedan Dip along Wills Developmental Road (115km NNE of Cloncurry).","AUS",2000,1995,"PRESERVED_SPECIMEN","COORDINATE_ROUNDED;CONTINENT_DERIVED_FROM_COORDINATES;INSTITUTION_MATCH_FUZZY;COLLECTION_MATCH_NONE"
139.191167,-22.936667,"Corchorus olitorius",2418984821,"92km by road W of Boulia on Donohue Highway.","AUS",100,2007,"PRESERVED_SPECIMEN","COORDINATE_ROUNDED;CONTINENT_DERIVED_FROM_COORDINATES;INSTITUTION_MATCH_FUZZY;COLLECTION_MATCH_NONE"
-39.140278,-8.005833,"Corchorus olitorius",1423935399,"Área de canal","BRA",NA,2015,"PRESERVED_SPECIMEN","COORDINATE_ROUNDED;GEODETIC_DATUM_ASSUMED_WGS84;CONTINENT_DERIVED_FROM_COORDINATES;INSTITUTION_MATCH_FUZZY;COLLECTION_MATCH_FUZZY"
120.844763,15.231005,"Corchorus olitorius",3955934494,"","PHL",NA,2018,"HUMAN_OBSERVATION","COORDINATE_ROUNDED;COUNTRY_DERIVED_FROM_COORDINATES;CONTINENT_DERIVED_FROM_COORDINATES"
75.522268,13.92716,"Corchorus olitorius",3952686230,"","IND",NA,2019,"HUMAN_OBSERVATION","COORDINATE_ROUNDED;COUNTRY_DERIVED_FROM_COORDINATES;CONTINENT_DERIVED_FROM_COORDINATES"
126.005556,-8.5325,"Corchorus olitorius",2828519760,"MAF seed a asore china garden, Manatuto. District: Manatuto.","TLS",50,2012,"PRESERVED_SPECIMEN","CONTINENT_DERIVED_FROM_COORDINATES;INSTITUTION_MATCH_FUZZY;COLLECTION_MATCH_FUZZY"
132.25,-14.466667,"Corchorus olitorius",2830598100,"One mile south of Katherine on Stuart Highway.","AUS",2000,1956,"PRESERVED_SPECIMEN","CONTINENT_DERIVED_FROM_COORDINATES;INSTITUTION_MATCH_FUZZY;COLLECTION_MATCH_FUZZY"
124.193056,-17.991667,"Corchorus olitorius",2854010055,"Camballin","AUS",3000,1963,"PRESERVED_SPECIMEN","COORDINATE_ROUNDED;CONTINENT_DERIVED_FROM_COORDINATES;INSTITUTION_MATCH_FUZZY;COLLECTION_MATCH_FUZZY"
9.633333,4.619167,"Corchorus olitorius",2644144079,"","CMR",NA,2019,"HUMAN_OBSERVATION","COORDINATE_ROUNDED;COUNTRY_DERIVED_FROM_COORDINATES;CONTINENT_DERIVED_FROM_COORDINATES"
3.134848,11.711268,"Corchorus olitorius",1424750790,"Djona","BEN",NA,2006,"HUMAN_OBSERVATION","RECORDED_DATE_INVALID;GEODETIC_DATUM_ASSUMED_WGS84"
3.338259,11.395144,"Corchorus olitorius",1424750895,"Malanville","BEN",NA,2006,"HUMAN_OBSERVATION","RECORDED_DATE_INVALID;GEODETIC_DATUM_ASSUMED_WGS84"
2.253797,9.468018,"Corchorus olitorius",1424748804,"Tchaourou","BEN",NA,2001,"HUMAN_OBSERVATION","GEODETIC_DATUM_ASSUMED_WGS84;CONTINENT_DERIVED_FROM_COORDINATES"
3.272927,11.546757,"Corchorus olitorius",1424751055,"Malanville","BEN",NA,2006,"HUMAN_OBSERVATION","GEODETIC_DATUM_ASSUMED_WGS84"
3.116525,11.649726,"Corchorus olitorius",1424751239,"Djona","BEN",NA,2006,"HUMAN_OBSERVATION","GEODETIC_DATUM_ASSUMED_WGS84"
3.112889,11.071801,"Corchorus olitorius",1424751212,"Djona","BEN",NA,2006,"HUMAN_OBSERVATION","GEODETIC_DATUM_ASSUMED_WGS84"
2.255811,9.025913,"Corchorus olitorius",1424748410,"Tchaourou","BEN",NA,2001,"HUMAN_OBSERVATION","GEODETIC_DATUM_ASSUMED_WGS84;CONTINENT_DERIVED_FROM_COORDINATES"
2.277591,9.70882,"Corchorus olitorius",1424749140,"N'Dali","BEN",NA,2001,"HUMAN_OBSERVATION","GEODETIC_DATUM_ASSUMED_WGS84;CONTINENT_DERIVED_FROM_COORDINATES"
3.317312,11.44,"Corchorus olitorius",1424751523,"Malanville","BEN",NA,2006,"HUMAN_OBSERVATION","GEODETIC_DATUM_ASSUMED_WGS84"
3.242554,11.133904,"Corchorus olitorius",1424751476,"Djona","BEN",NA,2006,"HUMAN_OBSERVATION","GEODETIC_DATUM_ASSUMED_WGS84"
36.4108,-8.5683,"Corchorus olitorius",1319476538,"T6. Itete Village, Madabadaba, E of Mafinji River.","TZA",NA,1999,"PRESERVED_SPECIMEN","GEODETIC_DATUM_ASSUMED_WGS84"
2.501054,7.174805,"Corchorus olitorius",2237833438,"Ahize","BEN",NA,2006,"HUMAN_OBSERVATION","RECORDED_DATE_INVALID;COORDINATE_ROUNDED;GEODETIC_DATUM_ASSUMED_WGS84"
38.7,-6.2,"Corchorus olitorius",1258774571,"Matipwili Village, Wami Railway Station. Farms beside Wami River.","TZA",NA,1997,"PRESERVED_SPECIMEN","OCCURRENCE_STATUS_INFERRED_FROM_INDIVIDUAL_COUNT;GEODETIC_DATUM_ASSUMED_WGS84;INSTITUTION_MATCH_FUZZY;COLLECTION_MATCH_NONE"
2.141229,6.873103,"Corchorus olitorius",2549152246,"Toffo","BEN",NA,2003,"HUMAN_OBSERVATION","GEODETIC_DATUM_ASSUMED_WGS84"
36.795029,5.729347,"Corchorus olitorius",2517561656,"Male, Shole Teka.","ETH",NA,2010,"PRESERVED_SPECIMEN","INSTITUTION_MATCH_FUZZY;INSTITUTION_COLLECTION_MISMATCH"
1.683333,11.816667,"Corchorus olitorius",2517878415,"piste Namounou - Yobri.","BFA",NA,1990,"PRESERVED_SPECIMEN","INSTITUTION_MATCH_FUZZY;INSTITUTION_COLLECTION_MISMATCH"
9.2,4.016667,"Corchorus olitorius",2517703455,"Victoria.","CMR",NA,1977,"PRESERVED_SPECIMEN","INSTITUTION_MATCH_FUZZY;INSTITUTION_COLLECTION_MISMATCH"
34.816667,-14.016667,"Corchorus olitorius",2517682355,"Thumbi Island in Lake Malawi, near Cape Maclear.","MWI",NA,1991,"PRESERVED_SPECIMEN","INSTITUTION_MATCH_FUZZY;INSTITUTION_COLLECTION_MISMATCH"
121.445975,23.502686,"Corchorus olitorius",1946173894,"Cimei, Penghu County","TWN",3036,1987,"PRESERVED_SPECIMEN","GEODETIC_DATUM_ASSUMED_WGS84;CONTINENT_DERIVED_FROM_COORDINATES;INSTITUTION_MATCH_FUZZY;COLLECTION_MATCH_FUZZY"
14.416667,8.366667,"Corchorus olitorius",2515944506,"30 km E of Tcholliré.","CMR",NA,1974,"PRESERVED_SPECIMEN","INSTITUTION_MATCH_FUZZY;INSTITUTION_COLLECTION_MISMATCH"
13.675,4.583333,"Corchorus olitorius",2517860307,"Bertua.","CMR",NA,1977,"PRESERVED_SPECIMEN","INSTITUTION_MATCH_FUZZY;INSTITUTION_COLLECTION_MISMATCH"
146.251667,-20.066111,"Corchorus olitorius",2515169694,"Queensland, North Kennedy, corner of Stubley St & Kiara St, Charters Towers.","AUS",NA,2006,"PRESERVED_SPECIMEN","INSTITUTION_MATCH_FUZZY;INSTITUTION_COLLECTION_MISMATCH"
-14.168183,13.312033,"Corchorus olitorius",3018939365,"5 km E of Basse Santa Su, near Chamoi Bridge.","GMB",NA,2019,"PRESERVED_SPECIMEN","INSTITUTION_MATCH_FUZZY;INSTITUTION_COLLECTION_MISMATCH"
35.970912,-5.946355,"Corchorus olitorius",3863881810,"bwawani-ujamaa village","TZA",NA,1953,"PRESERVED_SPECIMEN","OCCURRENCE_STATUS_INFERRED_FROM_INDIVIDUAL_COUNT;COLLECTION_MATCH_NONE"
35.316667,-11.533333,"Corchorus olitorius",4014176791,"Mitomoni Village","TZA",NA,1968,"PRESERVED_SPECIMEN","OCCURRENCE_STATUS_INFERRED_FROM_INDIVIDUAL_COUNT;COLLECTION_MATCH_NONE"
33.180195,-4.216159,"Corchorus olitorius",3863886820,"","TZA",NA,1954,"PRESERVED_SPECIMEN","OCCURRENCE_STATUS_INFERRED_FROM_INDIVIDUAL_COUNT;COLLECTION_MATCH_NONE"
30.32268,-23.194457,"Corchorus olitorius",3998637609,"","ZAF",8,2022,"HUMAN_OBSERVATION","COORDINATE_ROUNDED;COUNTRY_DERIVED_FROM_COORDINATES;CONTINENT_DERIVED_FROM_COORDINATES"
9.933333,4.966667,"Corchorus olitorius",2517689265,"Manengouba Mt. base, Nkongsamba.4.58 N 9.56 E","CMR",NA,1971,"PRESERVED_SPECIMEN","INSTITUTION_MATCH_FUZZY;INSTITUTION_COLLECTION_MISMATCH"
-0.3,14.366667,"Corchorus olitorius",2517865325,"Region: Oudalan. Village Menegou.","BFA",NA,1996,"PRESERVED_SPECIMEN","INSTITUTION_MATCH_FUZZY;INSTITUTION_COLLECTION_MISMATCH"
2.483333,9.3,"Corchorus olitorius",2516042108,"Parakou (axe Parakou-Djougou).","BEN",NA,1998,"PRESERVED_SPECIMEN","INSTITUTION_MATCH_FUZZY;INSTITUTION_COLLECTION_MISMATCH"
13.516667,9.15,"Corchorus olitorius",2517869517,"Karewa, 30 km S de Garoua.","CMR",NA,1987,"PRESERVED_SPECIMEN","INSTITUTION_MATCH_FUZZY;INSTITUTION_COLLECTION_MISMATCH"
-0.766667,11.033333,"Corchorus olitorius",2626959524,"Youka Village. Africa.","BFA",NA,1993,"PRESERVED_SPECIMEN","COORDINATE_ROUNDED;GEODETIC_DATUM_ASSUMED_WGS84;CONTINENT_DERIVED_FROM_COORDINATES;INSTITUTION_MATCH_FUZZY;COLLECTION_MATCH_FUZZY"
-49.839722,-5.271944,"Corchorus olitorius",2365703612,"Benfica","BRA",NA,2002,"PRESERVED_SPECIMEN","COORDINATE_ROUNDED;GEODETIC_DATUM_ASSUMED_WGS84;INSTITUTION_MATCH_FUZZY;COLLECTION_MATCH_NONE"
39.40995,-6.225567,"Corchorus olitorius",2268921252,"Jozani National Park.","TZA",NA,2017,"PRESERVED_SPECIMEN","OCCURRENCE_STATUS_INFERRED_FROM_INDIVIDUAL_COUNT;COORDINATE_ROUNDED;GEODETIC_DATUM_ASSUMED_WGS84;INSTITUTION_MATCH_FUZZY;COLLECTION_MATCH_NONE"
9,5.13333,"Corchorus olitorius",1259081544,"Farms and secondary vegetation around Esoki.","CMR",NA,1986,"PRESERVED_SPECIMEN","OCCURRENCE_STATUS_INFERRED_FROM_INDIVIDUAL_COUNT;GEODETIC_DATUM_ASSUMED_WGS84;INSTITUTION_MATCH_FUZZY;COLLECTION_MATCH_NONE"
-106.443,23.299,"Corchorus olitorius",1932311657,"","MEX",NA,2018,"HUMAN_OBSERVATION","CONTINENT_DERIVED_FROM_COORDINATES"
107.368017,11.188669,"Corchorus olitorius",3958333753,"","VNM",4,2020,"HUMAN_OBSERVATION","COORDINATE_ROUNDED;COUNTRY_DERIVED_FROM_COORDINATES;CONTINENT_DERIVED_FROM_COORDINATES"
-4.086807,14.510803,"Corchorus olitorius",3955312535,"","MLI",9,2021,"HUMAN_OBSERVATION","COORDINATE_ROUNDED;COUNTRY_DERIVED_FROM_COORDINATES;CONTINENT_DERIVED_FROM_COORDINATES"
-84.3,43.45,"Corchorus olitorius",3987771399,"","USA",NA,1978,"PRESERVED_SPECIMEN","GEODETIC_DATUM_ASSUMED_WGS84;CONTINENT_DERIVED_FROM_COORDINATES;INSTITUTION_MATCH_FUZZY;COLLECTION_MATCH_NONE"
11.833333,8.416667,"Corchorus olitorius",1840444306,"British Cameroons (N. Trusteeship Territory): Adamawa Division, Vogel Peak area, Dakemi, 15 miles south of Gurum","NGA",NA,1957,"PRESERVED_SPECIMEN","GEODETIC_DATUM_ASSUMED_WGS84;CONTINENT_DERIVED_FROM_COORDINATES;INSTITUTION_MATCH_FUZZY;COLLECTION_MATCH_FUZZY"
25.192222,0.510833,"Corchorus olitorius",1840444362,"Kisangani","COD",NA,1984,"PRESERVED_SPECIMEN","GEODETIC_DATUM_ASSUMED_WGS84;CONTINENT_DERIVED_FROM_COORDINATES;INSTITUTION_MATCH_FUZZY;COLLECTION_MATCH_FUZZY"
-5.3,8.633333,"Corchorus olitorius",1840444117,"Katiola, c. 4 km S of Niakaramandougou, at the right of Katiola road","CIV",NA,1978,"PRESERVED_SPECIMEN","GEODETIC_DATUM_ASSUMED_WGS84;CONTINENT_DERIVED_FROM_COORDINATES;INSTITUTION_MATCH_FUZZY;COLLECTION_MATCH_FUZZY"
-1.183333,11.45,"Corchorus olitorius",1840444184,"Entre Nobéré et Pô au niveau de la Volta rouge","BFA",NA,1982,"PRESERVED_SPECIMEN","GEODETIC_DATUM_ASSUMED_WGS84;CONTINENT_DERIVED_FROM_COORDINATES;INSTITUTION_MATCH_FUZZY;COLLECTION_MATCH_FUZZY"
-1.2,11.566667,"Corchorus olitorius",1840444369,"Nobéré","BFA",NA,1982,"PRESERVED_SPECIMEN","GEODETIC_DATUM_ASSUMED_WGS84;CONTINENT_DERIVED_FROM_COORDINATES;INSTITUTION_MATCH_FUZZY;COLLECTION_MATCH_FUZZY"
33.419677,-19.143108,"Corchorus olitorius",3470264785,"Chimoio, grounds just by Meteorological Station near Airport Chimoio","MOZ",NA,2013,"PRESERVED_SPECIMEN","GEODETIC_DATUM_ASSUMED_WGS84;CONTINENT_DERIVED_FROM_COORDINATES;INSTITUTION_MATCH_FUZZY;COLLECTION_MATCH_FUZZY"
29.708888,3.732222,"Corchorus olitorius",1840444359,"Faradje","COD",NA,1955,"PRESERVED_SPECIMEN","GEODETIC_DATUM_ASSUMED_WGS84;CONTINENT_DERIVED_FROM_COORDINATES;INSTITUTION_MATCH_FUZZY;COLLECTION_MATCH_FUZZY"
29.216667,0.516667,"Corchorus olitorius",1840444320,"Kisangani Jardin botanique de la Faculte des Sciences","COD",NA,1979,"PRESERVED_SPECIMEN","GEODETIC_DATUM_ASSUMED_WGS84;CONTINENT_DERIVED_FROM_COORDINATES;INSTITUTION_MATCH_FUZZY;COLLECTION_MATCH_FUZZY"
39.3683,-9.9817,"Corchorus olitorius",1317752041,"T8. Milola Division, Rutamba Ward, ca. 5 km W of Kinyope Village.","TZA",NA,2005,"PRESERVED_SPECIMEN","GEODETIC_DATUM_ASSUMED_WGS84"
30.51666,-0.33333,"Corchorus olitorius",4062118091,"Kashari Mbarara U2 (Ankole). Nyakatokye, Buyenje. TQ-60-25","UGA",NA,2003,"PRESERVED_SPECIMEN","OCCURRENCE_STATUS_INFERRED_FROM_INDIVIDUAL_COUNT;GEODETIC_DATUM_ASSUMED_WGS84;INSTITUTION_MATCH_NONE"
-88.17611,39.49611,"Corchorus olitorius",1212006241,"Charleston","USA",5000,2001,"PRESERVED_SPECIMEN","GEODETIC_DATUM_ASSUMED_WGS84;CONTINENT_DERIVED_FROM_COORDINATES;INSTITUTION_MATCH_NONE"
120.068083,23.075417,"Corchorus olitorius",1945418823,"","TWN",NA,2018,"HUMAN_OBSERVATION","CONTINENT_DERIVED_FROM_COORDINATES"
1.810247,7.555767,"Corchorus olitorius",2989663851,"","BEN",NA,2019,"HUMAN_OBSERVATION","COORDINATE_ROUNDED;CONTINENT_DERIVED_FROM_COORDINATES"
2.18242,8.519765,"Corchorus olitorius",2989663854,"","BEN",NA,2019,"HUMAN_OBSERVATION","COORDINATE_ROUNDED;CONTINENT_DERIVED_FROM_COORDINATES"
1.798983,7.804532,"Corchorus olitorius",2989663855,"","BEN",NA,2019,"HUMAN_OBSERVATION","COORDINATE_ROUNDED;CONTINENT_DERIVED_FROM_COORDINATES"
1.76193,8.745167,"Corchorus olitorius",2989663861,"","BEN",NA,2019,"HUMAN_OBSERVATION","COORDINATE_ROUNDED;CONTINENT_DERIVED_FROM_COORDINATES"
2.210275,8.96267,"Corchorus olitorius",2989663895,"","BEN",NA,2019,"HUMAN_OBSERVATION","COORDINATE_ROUNDED;CONTINENT_DERIVED_FROM_COORDINATES"
49.702781,-13.183406,"Corchorus olitorius",1257988717,"Daraina, forêt de Bekaraoka, partie sud. Andranotsimaty, 1 km à l'W du point coté 330.","MDG",NA,2003,"PRESERVED_SPECIMEN","OCCURRENCE_STATUS_INFERRED_FROM_INDIVIDUAL_COUNT;COORDINATE_ROUNDED;GEODETIC_DATUM_ASSUMED_WGS84;DIFFERENT_OWNER_INSTITUTION"
38.616667,-5.1,"Corchorus olitorius",4060966042,"Korogwee District. T3. West Usambara Mountains, Manga Forest Reserve, plot #30.","TZA",NA,1997,"PRESERVED_SPECIMEN","OCCURRENCE_STATUS_INFERRED_FROM_INDIVIDUAL_COUNT;COORDINATE_ROUNDED;GEODETIC_DATUM_ASSUMED_WGS84;INSTITUTION_MATCH_NONE"
-97.632907,30.419421,"Corchorus olitorius",3415503430,"","USA",7,2020,"HUMAN_OBSERVATION","COORDINATE_ROUNDED;CONTINENT_DERIVED_FROM_COORDINATES"
-13.233,13.033,"Corchorus olitorius",47750111,"Parc National du Niokolo Koba. Camp du Lion. Vicinity of camp site.","SEN",NA,1993,"PRESERVED_SPECIMEN","GEODETIC_DATUM_ASSUMED_WGS84;COORDINATE_PRECISION_INVALID;INSTITUTION_MATCH_FUZZY;INSTITUTION_COLLECTION_MISMATCH"
-13.016,13.3,"Corchorus olitorius",47750136,"Parc National du Niokolo Koba. Rd. Simenti - Dar Salam, km 0-2. Along Mare de Simenti. Forest bordering swamp.","SEN",NA,1994,"PRESERVED_SPECIMEN","GEODETIC_DATUM_ASSUMED_WGS84;COORDINATE_PRECISION_INVALID;INSTITUTION_MATCH_FUZZY;INSTITUTION_COLLECTION_MISMATCH"
-12.966,13.166,"Corchorus olitorius",47750132,"Parc National du Niokolo Koba. Rd. Camp Niokolo Koba - Dar Salam, km 34. Gallery forest along ravine.","SEN",NA,1994,"PRESERVED_SPECIMEN","GEODETIC_DATUM_ASSUMED_WGS84;COORDINATE_PRECISION_INVALID;INSTITUTION_MATCH_FUZZY;INSTITUTION_COLLECTION_MISMATCH"
-0.3,11.683,"Corchorus olitorius",47750168,"Some km SE of Tenkodogo. Border of large semi-permanent waterhole.","BFA",NA,1996,"PRESERVED_SPECIMEN","GEODETIC_DATUM_ASSUMED_WGS84;CONTINENT_DERIVED_FROM_COORDINATES;COORDINATE_PRECISION_INVALID;INSTITUTION_MATCH_FUZZY;INSTITUTION_COLLECTION_MISMATCH"
-0.366,11.733,"Corchorus olitorius",47750165,"Some km SE of Tenkodogo. Moist border of seasonally watered stream.","BFA",NA,1996,"PRESERVED_SPECIMEN","GEODETIC_DATUM_ASSUMED_WGS84;CONTINENT_DERIVED_FROM_COORDINATES;COORDINATE_PRECISION_INVALID;INSTITUTION_MATCH_FUZZY;INSTITUTION_COLLECTION_MISMATCH"
-106.695983,23.590683,"Corchorus olitorius",2629775564,"APFF Meseta de Cacaxtla, Ejido Toyhúa, brecha del arroyo Toyhúa, de la autopista corriente arriba","MEX",NA,2017,"PRESERVED_SPECIMEN","TYPE_STATUS_INVALID;OCCURRENCE_STATUS_INFERRED_FROM_INDIVIDUAL_COUNT;COORDINATE_ROUNDED;CONTINENT_DERIVED_FROM_COORDINATES;ELEVATION_MIN_MAX_SWAPPED;INSTITUTION_MATCH_NONE"
-106.597833,23.7148,"Corchorus olitorius",2629778432,"APFF Meseta de Cacaxtla, puerta El Tiro Viejo, aprox. km 56 carretera libre Mex-15","MEX",NA,2017,"PRESERVED_SPECIMEN","TYPE_STATUS_INVALID;OCCURRENCE_STATUS_INFERRED_FROM_INDIVIDUAL_COUNT;COORDINATE_ROUNDED;CONTINENT_DERIVED_FROM_COORDINATES;ELEVATION_MIN_MAX_SWAPPED;INSTITUTION_MATCH_NONE"
13.61667,9.16667,"Corchorus olitorius",694367491,"","CMR",NA,1983,"PRESERVED_SPECIMEN","GEODETIC_DATUM_ASSUMED_WGS84;CONTINENT_DERIVED_FROM_COORDINATES;TAXON_MATCH_HIGHERRANK;COLLECTION_MATCH_FUZZY"
76.992478,29.707052,"Corchorus olitorius",3999076982,"","IND",7,2022,"HUMAN_OBSERVATION","COORDINATE_ROUNDED;COUNTRY_DERIVED_FROM_COORDINATES;CONTINENT_DERIVED_FROM_COORDINATES"
-37.206389,-11.014722,"Corchorus olitorius",2464805026,"Povoado Quissamã, Próximo ao lago do IFES.","BRA",NA,2012,"PRESERVED_SPECIMEN","GEODETIC_DATUM_ASSUMED_WGS84;INSTITUTION_MATCH_NONE"
-36.855833,-10.737778,"Corchorus olitorius",2464799774,"Povoado Lagoa Redonda., Solo arenoso","BRA",NA,2012,"PRESERVED_SPECIMEN","GEODETIC_DATUM_ASSUMED_WGS84;INSTITUTION_MATCH_NONE"
-37.054667,-10.536861,"Corchorus olitorius",2464801040,"RVS Mata do Junco, Borda de Mata","BRA",NA,2012,"PRESERVED_SPECIMEN","GEODETIC_DATUM_ASSUMED_WGS84;INSTITUTION_MATCH_NONE"
-158.1,21.5833,"Corchorus olitorius",36156116,"Haleiwa","USA",NA,1987,"PRESERVED_SPECIMEN","GEODETIC_DATUM_ASSUMED_WGS84;CONTINENT_DERIVED_FROM_COORDINATES;INSTITUTION_MATCH_FUZZY;COLLECTION_MATCH_FUZZY"
12.7,-0.816667,"Corchorus olitorius",1839415087,"Ogooué-Lolo, Lastoursville, on and near plantation behind Catholic Mission","GAB",NA,1988,"PRESERVED_SPECIMEN","GEODETIC_DATUM_ASSUMED_WGS84;CONTINENT_DERIVED_FROM_COORDINATES;INSTITUTION_MATCH_FUZZY;COLLECTION_MATCH_FUZZY"
1.833333,6.3,"Corchorus olitorius",1839398863,"Adjaha (Grand-Popo)","BEN",NA,1998,"PRESERVED_SPECIMEN","GEODETIC_DATUM_ASSUMED_WGS84;CONTINENT_DERIVED_FROM_COORDINATES;INSTITUTION_MATCH_FUZZY;COLLECTION_MATCH_FUZZY"
38.566667,-8.5,"Corchorus olitorius",2515956047,"Plants of Selous Game Reserve, Tanzania. T8 Kingupira, grassland.","TZA",NA,1976,"PRESERVED_SPECIMEN","INSTITUTION_MATCH_FUZZY;INSTITUTION_COLLECTION_MISMATCH"
36.995,13.388333,"Corchorus olitorius",2517884355,"130 km NW of Gonder along road to Humera.","ETH",NA,2004,"PRESERVED_SPECIMEN","INSTITUTION_MATCH_FUZZY;INSTITUTION_COLLECTION_MISMATCH"
128.7457,-15.6639,"Corchorus olitorius",2853632649,"Bothkamp (Christian Bloeckers), Weaber Plains Road, Kununurra","AUS",100,2014,"PRESERVED_SPECIMEN","COORDINATE_ROUNDED;CONTINENT_DERIVED_FROM_COORDINATES;INSTITUTION_MATCH_FUZZY;COLLECTION_MATCH_FUZZY"
46.72126,-18.960958,"Corchorus olitorius",3334635483,"","MDG",NA,2014,"HUMAN_OBSERVATION","COORDINATE_ROUNDED;COUNTRY_DERIVED_FROM_COORDINATES;GEODETIC_DATUM_ASSUMED_WGS84;CONTINENT_DERIVED_FROM_COORDINATES"
-7.49972,6.24961,"Corchorus olitorius",1849334342,"Troya","CIV",NA,1969,"PRESERVED_SPECIMEN","OCCURRENCE_STATUS_INFERRED_FROM_INDIVIDUAL_COUNT;GEODETIC_DATUM_ASSUMED_WGS84;INSTITUTION_MATCH_NONE"
9.63333,5,"Corchorus olitorius",2235577735,"","CMR",NA,1998,"PRESERVED_SPECIMEN","GEODETIC_DATUM_ASSUMED_WGS84;PRESUMED_NEGATED_LONGITUDE;CONTINENT_DERIVED_FROM_COORDINATES;COLLECTION_MATCH_FUZZY"
131.35,-16.4925,"Corchorus olitorius",2827966524,"Victoria River District Station.","AUS",NA,1995,"PRESERVED_SPECIMEN","CONTINENT_DERIVED_FROM_COORDINATES;INSTITUTION_MATCH_FUZZY;COLLECTION_MATCH_FUZZY"
74.632991,25.040632,"Corchorus olitorius",3952035214,"","IND",NA,2021,"HUMAN_OBSERVATION","COORDINATE_ROUNDED;COUNTRY_DERIVED_FROM_COORDINATES;CONTINENT_DERIVED_FROM_COORDINATES"
147.834167,-20.55,"Corchorus olitorius",2829218877,"Walker Street, Collinsville.","AUS",50,2006,"PRESERVED_SPECIMEN","CONTINENT_DERIVED_FROM_COORDINATES;INSTITUTION_MATCH_FUZZY;COLLECTION_MATCH_FUZZY"
-40.609514,-19.990989,"Corchorus olitorius",1901994012,"RPPN Macaco Barbado. Trilha Angela Roncom","BRA",NA,2018,"PRESERVED_SPECIMEN","GEODETIC_DATUM_ASSUMED_WGS84;CONTINENT_DERIVED_FROM_COORDINATES;DIFFERENT_OWNER_INSTITUTION"
9.967267,0.3203,"Corchorus olitorius",2013889172,"29 km on road Ntoum to Kango.","GAB",NA,2015,"PRESERVED_SPECIMEN","GEODETIC_DATUM_ASSUMED_WGS84;INSTITUTION_MATCH_FUZZY;COLLECTION_MATCH_FUZZY"
73.535827,20.693848,"Corchorus olitorius",4029462175,"","IND",3036,1975,"PRESERVED_SPECIMEN","CONTINENT_DERIVED_FROM_COORDINATES;INSTITUTION_MATCH_FUZZY;COLLECTION_MATCH_NONE"
73.498936,20.754043,"Corchorus olitorius",4029469265,"","IND",10,2017,"PRESERVED_SPECIMEN","CONTINENT_DERIVED_FROM_COORDINATES;INSTITUTION_MATCH_FUZZY;COLLECTION_MATCH_NONE"
-156.691893,20.945648,"Corchorus olitorius",3859477232,"","USA",7,2022,"HUMAN_OBSERVATION","COORDINATE_ROUNDED;CONTINENT_DERIVED_FROM_COORDINATES"
80.850293,17.23415,"Corchorus olitorius",3949300907,"","IND",8,2021,"HUMAN_OBSERVATION","COORDINATE_ROUNDED;COUNTRY_DERIVED_FROM_COORDINATES;CONTINENT_DERIVED_FROM_COORDINATES"
143.353414,-24.091214,"Corchorus olitorius",2418607045,"Lochern NP, 110km SW of Longreach.","AUS",100,2013,"PRESERVED_SPECIMEN","CONTINENT_DERIVED_FROM_COORDINATES;INSTITUTION_MATCH_FUZZY;COLLECTION_MATCH_NONE"
139.549472,-17.731528,"Corchorus olitorius",2418762500,"Burketown, old Health Centre.","AUS",100,2013,"PRESERVED_SPECIMEN","COORDINATE_ROUNDED;CONTINENT_DERIVED_FROM_COORDINATES;INSTITUTION_MATCH_FUZZY;COLLECTION_MATCH_NONE"
143.058945,-22.410966,"Corchorus olitorius",2418903741,"Long Hole, Winton Water Supply (GPS 22 24 45 143 03 28).","AUS",100,1998,"PRESERVED_SPECIMEN","COORDINATE_ROUNDED;CONTINENT_DERIVED_FROM_COORDINATES;INSTITUTION_MATCH_FUZZY;COLLECTION_MATCH_NONE"
146.942773,-19.590118,"Corchorus olitorius",2418689997,"Majors Creek, E of Woodstock.","AUS",2000,1991,"PRESERVED_SPECIMEN","COORDINATE_ROUNDED;CONTINENT_DERIVED_FROM_COORDINATES;INSTITUTION_MATCH_FUZZY;COLLECTION_MATCH_NONE"
140.182222,-19.146667,"Corchorus olitorius",2418724476,"West of the Burke & Wills Roadhouse on the Wills Development Road.","AUS",100,2005,"PRESERVED_SPECIMEN","COORDINATE_ROUNDED;CONTINENT_DERIVED_FROM_COORDINATES;INSTITUTION_MATCH_FUZZY;COLLECTION_MATCH_NONE"
139.617167,-23.324833,"Corchorus olitorius",2418398270,"6km by road W of Marian Downs homestead.","AUS",100,2007,"PRESERVED_SPECIMEN","COORDINATE_ROUNDED;CONTINENT_DERIVED_FROM_COORDINATES;INSTITUTION_MATCH_FUZZY;COLLECTION_MATCH_NONE"
135.93759,-18.640473,"Corchorus olitorius",4016993283,"Brunette Downs Homestead Waterhole.","AUS",100,1995,"PRESERVED_SPECIMEN","COORDINATE_ROUNDED;CONTINENT_DERIVED_FROM_COORDINATES;INSTITUTION_MATCH_FUZZY;COLLECTION_MATCH_NONE"
139.475,-19.881389,"Corchorus olitorius",2418511119,"Calton Hills station, c. 50km N of Mount Isa.","AUS",100,2006,"PRESERVED_SPECIMEN","CONTINENT_DERIVED_FROM_COORDINATES;INSTITUTION_MATCH_FUZZY;COLLECTION_MATCH_NONE"
138.104167,-17.133333,"Corchorus olitorius",2418682063,"Westmoreland Station, 28km NW of homestead (Gulf site 313).","AUS",100,2005,"PRESERVED_SPECIMEN","CONTINENT_DERIVED_FROM_COORDINATES;INSTITUTION_MATCH_FUZZY;COLLECTION_MATCH_NONE"
1.6761,10.7955,"Corchorus olitorius",2238634363,"Atacora","BEN",NA,2011,"HUMAN_OBSERVATION","RECORDED_DATE_INVALID;GEODETIC_DATUM_ASSUMED_WGS84"
1.965389,6.587401,"Corchorus olitorius",1291843560,"Bord du Kouffo","BEN",NA,1979,"HUMAN_OBSERVATION","RECORDED_DATE_INVALID;GEODETIC_DATUM_ASSUMED_WGS84"
3.478775,10.395198,"Corchorus olitorius",1291843597,"Maréguita, Kalalé","BEN",NA,1984,"HUMAN_OBSERVATION","GEODETIC_DATUM_ASSUMED_WGS84"
1.709194,9.702161,"Corchorus olitorius",1291843612,"Nalohou, Djougou","BEN",NA,1984,"HUMAN_OBSERVATION","RECORDED_DATE_INVALID;GEODETIC_DATUM_ASSUMED_WGS84"
2.627801,6.991469,"Corchorus olitorius",1291843569,"Igana","BEN",NA,1982,"HUMAN_OBSERVATION","GEODETIC_DATUM_ASSUMED_WGS84"
3.394118,6.455058,"Corchorus olitorius",3808438735,"Obtained from the market","NGA",NA,2010,"PRESERVED_SPECIMEN","COORDINATE_ROUNDED;GEODETIC_DATUM_ASSUMED_WGS84;INSTITUTION_MATCH_FUZZY;COLLECTION_MATCH_NONE;MULTIMEDIA_DATE_INVALID"
4.127918,10.209437,"Corchorus olitorius",3999608846,"Northern nigeria","NGA",NA,2011,"PRESERVED_SPECIMEN","COORDINATE_ROUNDED;GEODETIC_DATUM_ASSUMED_WGS84;INSTITUTION_MATCH_FUZZY;COLLECTION_MATCH_NONE;MULTIMEDIA_DATE_INVALID"
11.615498,7.542421,"Corchorus olitorius",3460378634,"Gashaka gumti national park","NGA",NA,2006,"PRESERVED_SPECIMEN","COORDINATE_ROUNDED;GEODETIC_DATUM_ASSUMED_WGS84;INSTITUTION_MATCH_FUZZY;COLLECTION_MATCH_NONE;MULTIMEDIA_DATE_INVALID"
3.947778,10.325278,"Corchorus olitorius",3808442263,"North nigeria and savanna forest","NGA",NA,2011,"PRESERVED_SPECIMEN","COORDINATE_ROUNDED;GEODETIC_DATUM_ASSUMED_WGS84;INSTITUTION_MATCH_FUZZY;COLLECTION_MATCH_NONE;MULTIMEDIA_DATE_INVALID"
3.755434,6.557667,"Corchorus olitorius",3999609279,"Lekki free trade zone","NGA",NA,2016,"PRESERVED_SPECIMEN","COORDINATE_ROUNDED;GEODETIC_DATUM_ASSUMED_WGS84;INSTITUTION_MATCH_FUZZY;COLLECTION_MATCH_NONE;MULTIMEDIA_DATE_INVALID"
40.17944,-2.25168,"Corchorus olitorius",3460329375,"Bandi Forest, Tana Delta Subcounty, Galili location, near Bandi village","KEN",NA,2021,"HUMAN_OBSERVATION",""
1.7,11.866667,"Corchorus olitorius",3046040053,"Piste Namounou - Yobri","BFA",NA,1991,"PRESERVED_SPECIMEN","COORDINATE_ROUNDED;GEODETIC_DATUM_ASSUMED_WGS84;CONTINENT_DERIVED_FROM_COORDINATES;INSTITUTION_MATCH_FUZZY;INSTITUTION_COLLECTION_MISMATCH"
-1.629167,12.096389,"Corchorus olitorius",3046044045,"Pousouaka","BFA",NA,1991,"PRESERVED_SPECIMEN","COORDINATE_ROUNDED;GEODETIC_DATUM_ASSUMED_WGS84;CONTINENT_DERIVED_FROM_COORDINATES;INSTITUTION_MATCH_FUZZY;INSTITUTION_COLLECTION_MISMATCH"
-0.316667,11.9,"Corchorus olitorius",3046045039,"7 km nordwestlich von Tenkodogo, in Ouéguédo","BFA",NA,1991,"PRESERVED_SPECIMEN","COORDINATE_ROUNDED;GEODETIC_DATUM_ASSUMED_WGS84;CONTINENT_DERIVED_FROM_COORDINATES;INSTITUTION_MATCH_FUZZY;INSTITUTION_COLLECTION_MISMATCH"
-0.033333,14.05,"Corchorus olitorius",3046048034,"Dori","BFA",NA,1994,"PRESERVED_SPECIMEN","COORDINATE_ROUNDED;GEODETIC_DATUM_ASSUMED_WGS84;CONTINENT_DERIVED_FROM_COORDINATES;INSTITUTION_MATCH_FUZZY;INSTITUTION_COLLECTION_MISMATCH"
0.15,14.65,"Corchorus olitorius",3046048035,"Takabangou","BFA",NA,1999,"PRESERVED_SPECIMEN","GEODETIC_DATUM_ASSUMED_WGS84;CONTINENT_DERIVED_FROM_COORDINATES;INSTITUTION_MATCH_FUZZY;INSTITUTION_COLLECTION_MISMATCH"
1.8,12.15,"Corchorus olitorius",3046111042,"Diapaga","BFA",NA,1991,"PRESERVED_SPECIMEN","GEODETIC_DATUM_ASSUMED_WGS84;CONTINENT_DERIVED_FROM_COORDINATES;INSTITUTION_MATCH_FUZZY;INSTITUTION_COLLECTION_MISMATCH"
0.35,12.066667,"Corchorus olitorius",3046111250,"Fada N'Gourma","BFA",NA,1993,"PRESERVED_SPECIMEN","COORDINATE_ROUNDED;GEODETIC_DATUM_ASSUMED_WGS84;CONTINENT_DERIVED_FROM_COORDINATES;INSTITUTION_MATCH_FUZZY;INSTITUTION_COLLECTION_MISMATCH"
13.921667,12.0375,"Corchorus olitorius",3046117058,"nördlich von Dikwa","NGA",NA,1993,"PRESERVED_SPECIMEN","COORDINATE_ROUNDED;GEODETIC_DATUM_ASSUMED_WGS84;CONTINENT_DERIVED_FROM_COORDINATES;INSTITUTION_MATCH_FUZZY;INSTITUTION_COLLECTION_MISMATCH"
-0.536944,14.8325,"Corchorus olitorius",3046118279,"Férériwo, (30 km nördlich von Déou)","BFA",NA,2000,"PRESERVED_SPECIMEN","COORDINATE_ROUNDED;GEODETIC_DATUM_ASSUMED_WGS84;CONTINENT_DERIVED_FROM_COORDINATES;INSTITUTION_MATCH_FUZZY;INSTITUTION_COLLECTION_MISMATCH"
1.05,11.05,"Corchorus olitorius",3046043040,"Chaîne de Gobnangou, Piste Maadaga - Moabu","BFA",NA,1990,"PRESERVED_SPECIMEN","GEODETIC_DATUM_ASSUMED_WGS84;CONTINENT_DERIVED_FROM_COORDINATES;INSTITUTION_MATCH_FUZZY;INSTITUTION_COLLECTION_MISMATCH"
12.133333,10.383333,"Corchorus olitorius",3046039032,"Lake Tilla, Biu-Plateau","NGA",NA,1994,"PRESERVED_SPECIMEN","COORDINATE_ROUNDED;GEODETIC_DATUM_ASSUMED_WGS84;CONTINENT_DERIVED_FROM_COORDINATES;INSTITUTION_MATCH_FUZZY;INSTITUTION_COLLECTION_MISMATCH"
-0.033333,14.366667,"Corchorus olitorius",3046110038,"Düne und Bas-fond bei Bidi","BFA",NA,1994,"PRESERVED_SPECIMEN","COORDINATE_ROUNDED;GEODETIC_DATUM_ASSUMED_WGS84;CONTINENT_DERIVED_FROM_COORDINATES;INSTITUTION_MATCH_FUZZY;INSTITUTION_COLLECTION_MISMATCH"
-0.15,14.966667,"Corchorus olitorius",3046109041,"Tin-Akoff, am Fluß Béli","BFA",NA,1994,"PRESERVED_SPECIMEN","COORDINATE_ROUNDED;GEODETIC_DATUM_ASSUMED_WGS84;CONTINENT_DERIVED_FROM_COORDINATES;INSTITUTION_MATCH_FUZZY;INSTITUTION_COLLECTION_MISMATCH"
14.259167,12.2575,"Corchorus olitorius",3046109042,"nördöstlich von Dikwa, bei Mege","NGA",NA,1994,"PRESERVED_SPECIMEN","COORDINATE_ROUNDED;GEODETIC_DATUM_ASSUMED_WGS84;CONTINENT_DERIVED_FROM_COORDINATES;INSTITUTION_MATCH_FUZZY;INSTITUTION_COLLECTION_MISMATCH"
-3.25,10.966667,"Corchorus olitorius",3046112261,"Straße Diébougou - Dano km 3, ca 3 km östlich der Straße","BFA",NA,1994,"PRESERVED_SPECIMEN","COORDINATE_ROUNDED;GEODETIC_DATUM_ASSUMED_WGS84;CONTINENT_DERIVED_FROM_COORDINATES;INSTITUTION_MATCH_FUZZY;INSTITUTION_COLLECTION_MISMATCH"
39.552753,-4.301543,"Corchorus olitorius",3998696437,"","KEN",3,2022,"HUMAN_OBSERVATION","COORDINATE_ROUNDED;COUNTRY_DERIVED_FROM_COORDINATES;CONTINENT_DERIVED_FROM_COORDINATES"
121.570657,13.990763,"Corchorus olitorius",3955025267,"","PHL",8,2021,"HUMAN_OBSERVATION","COORDINATE_ROUNDED;COUNTRY_DERIVED_FROM_COORDINATES;CONTINENT_DERIVED_FROM_COORDINATES"
1.9333,8.7333,"Corchorus olitorius",2237170782,"MontsKouffe","BEN",NA,2011,"HUMAN_OBSERVATION","GEODETIC_DATUM_ASSUMED_WGS84"
2.1666,9.1666,"Corchorus olitorius",2237171175,"Wari-maro","BEN",NA,2011,"HUMAN_OBSERVATION","GEODETIC_DATUM_ASSUMED_WGS84"
1.6666,9.0166,"Corchorus olitorius",2237170878,"Bassila","BEN",NA,2011,"HUMAN_OBSERVATION","GEODETIC_DATUM_ASSUMED_WGS84"
1.8833,8.4166,"Corchorus olitorius",2237171192,"Bante","BEN",NA,2011,"HUMAN_OBSERVATION","GEODETIC_DATUM_ASSUMED_WGS84"
1.55,9.25,"Corchorus olitorius",2237170761,"Penessoulou","BEN",NA,2011,"HUMAN_OBSERVATION","GEODETIC_DATUM_ASSUMED_WGS84"
1.847591,7.762194,"Corchorus olitorius",3311158789,"Wari-Maro","BEN",NA,2019,"HUMAN_OBSERVATION","COORDINATE_ROUNDED;CONTINENT_DERIVED_FROM_COORDINATES"
73.018942,19.503408,"Corchorus olitorius",4046719097,"","IND",31,2014,"HUMAN_OBSERVATION","COORDINATE_ROUNDED;CONTINENT_DERIVED_FROM_COORDINATES"
-2.100833,11.493222,"Corchorus olitorius",1288057201,"road Kassou-Sapouy, barrage de Pouré","BFA",NA,2004,"HUMAN_OBSERVATION","COORDINATE_ROUNDED;GEODETIC_DATUM_ASSUMED_WGS84;CONTINENT_DERIVED_FROM_COORDINATES"
34.239636,-12.805642,"Corchorus olitorius",2028141808,"Central Region;Nkhotakota","MWI",NA,2016,"HUMAN_OBSERVATION","GEODETIC_DATUM_ASSUMED_WGS84;CONTINENT_DERIVED_FROM_COORDINATES"
-107.065278,24.272213,"Corchorus olitorius",4006567147,"","MEX",6,2022,"HUMAN_OBSERVATION","COORDINATE_ROUNDED;CONTINENT_DERIVED_FROM_COORDINATES"
-2.098333,7.761667,"Corchorus olitorius",2515956048,"Wenchi Farm Institute","GHA",NA,1995,"PRESERVED_SPECIMEN","INSTITUTION_MATCH_FUZZY;INSTITUTION_COLLECTION_MISMATCH"
14.566667,10.15,"Corchorus olitorius",2517676300,"route Lara-Guidiguis (15 km ENE de Kaele).","CMR",NA,1964,"PRESERVED_SPECIMEN","INSTITUTION_MATCH_FUZZY;INSTITUTION_COLLECTION_MISMATCH"
9.366667,4.083333,"Corchorus olitorius",2517885288,"market of Tiko.","CMR",NA,1977,"PRESERVED_SPECIMEN","INSTITUTION_MATCH_FUZZY;INSTITUTION_COLLECTION_MISMATCH"
-4.15,9.616667,"Corchorus olitorius",2516196453,"10 km W of Bavé, in gallery forest on moist place.","CIV",NA,1967,"PRESERVED_SPECIMEN","INSTITUTION_MATCH_FUZZY;INSTITUTION_COLLECTION_MISMATCH"
2.8,6.75,"Corchorus olitorius",2516049493,"","BEN",NA,1970,"PRESERVED_SPECIMEN","INSTITUTION_MATCH_FUZZY;INSTITUTION_COLLECTION_MISMATCH"
135.2294,-18.9792,"Corchorus olitorius",2829482426,"3 miles SE Rockhampton Downs Homestead.","AUS",5000,1959,"PRESERVED_SPECIMEN","COORDINATE_ROUNDED;CONTINENT_DERIVED_FROM_COORDINATES;INSTITUTION_MATCH_FUZZY;COLLECTION_MATCH_FUZZY"
-0.8905,6.457,"Corchorus olitorius",2517871273,"Akoase, near Kwame Amuako´s field.","GHA",NA,2010,"PRESERVED_SPECIMEN","INSTITUTION_MATCH_FUZZY;INSTITUTION_COLLECTION_MISMATCH"
34.352172,-13.743112,"Corchorus olitorius",2824131402,"","MWI",NA,2019,"PRESERVED_SPECIMEN","OCCURRENCE_STATUS_INFERRED_FROM_INDIVIDUAL_COUNT;COORDINATE_ROUNDED;CONTINENT_DERIVED_FROM_COORDINATES"
103.25,27.7,"Corchorus olitorius",4045258227,"","CHN",NA,1976,"PRESERVED_SPECIMEN","COUNTRY_INVALID;GEODETIC_DATUM_ASSUMED_WGS84;CONTINENT_DERIVED_FROM_COORDINATES;INSTITUTION_MATCH_FUZZY;COLLECTION_MATCH_NONE"
101.67,26.07,"Corchorus olitorius",4043440290,"","CHN",NA,1965,"PRESERVED_SPECIMEN","COUNTRY_INVALID;GEODETIC_DATUM_ASSUMED_WGS84;CONTINENT_DERIVED_FROM_COORDINATES;INSTITUTION_MATCH_FUZZY;COLLECTION_MATCH_NONE"
31.596143,-23.816541,"Corchorus olitorius",3391579400,"","ZAF",31,2015,"HUMAN_OBSERVATION","COORDINATE_ROUNDED;CONTINENT_DERIVED_FROM_COORDINATES"
8.65,3.666667,"Corchorus olitorius",2516220591,"pr. Batoicopo, km 26.","GNQ",NA,1990,"PRESERVED_SPECIMEN","INSTITUTION_MATCH_FUZZY;INSTITUTION_COLLECTION_MISMATCH"
-158.041993,21.333317,"Corchorus olitorius",4054913587,"","USA",NA,2023,"HUMAN_OBSERVATION","COORDINATE_ROUNDED;CONTINENT_DERIVED_FROM_COORDINATES"
110.050532,25.255089,"Corchorus olitorius",1030957402,"良丰乡农院苗圃","CHN",NA,1953,"PRESERVED_SPECIMEN","COORDINATE_ROUNDED;GEODETIC_DATUM_ASSUMED_WGS84;CONTINENT_DERIVED_FROM_COORDINATES;INSTITUTION_MATCH_FUZZY;COLLECTION_MATCH_NONE"
109.321003,21.533749,"Corchorus olitorius",1030957422,"涠洲岛公社","CHN",NA,1973,"PRESERVED_SPECIMEN","COORDINATE_ROUNDED;GEODETIC_DATUM_ASSUMED_WGS84;CONTINENT_DERIVED_FROM_COORDINATES;INSTITUTION_MATCH_FUZZY;COLLECTION_MATCH_NONE"
106.843575,23.721633,"Corchorus olitorius",1030957470,"田州附近","CHN",NA,1958,"PRESERVED_SPECIMEN","COORDINATE_ROUNDED;GEODETIC_DATUM_ASSUMED_WGS84;CONTINENT_DERIVED_FROM_COORDINATES;INSTITUTION_MATCH_FUZZY;COLLECTION_MATCH_NONE"
107.410176,24.518994,"Corchorus olitorius",1030957499,"三石乡附近","CHN",NA,1958,"PRESERVED_SPECIMEN","COORDINATE_ROUNDED;GEODETIC_DATUM_ASSUMED_WGS84;CONTINENT_DERIVED_FROM_COORDINATES;INSTITUTION_MATCH_FUZZY;COLLECTION_MATCH_NONE"
-88.2434,40.1164,"Corchorus olitorius",1503270103,"Just E of center of section 3; Dodd's Park, S of water plant settling ponds, between N Mattis and Parkland College; Champaign.","USA",NA,2003,"PRESERVED_SPECIMEN","GEODETIC_DATUM_ASSUMED_WGS84;CONTINENT_DERIVED_FROM_COORDINATES;INSTITUTION_COLLECTION_MISMATCH"
34.4879,-18.91245,"Corchorus olitorius",3915608668,"","MOZ",20,2015,"HUMAN_OBSERVATION","CONTINENT_DERIVED_FROM_COORDINATES"
35.104002,32.767426,"Corchorus olitorius",1944412388,"","ISR",15,2018,"HUMAN_OBSERVATION","COORDINATE_ROUNDED;CONTINENT_DERIVED_FROM_COORDINATES"
8.8754,11.7014,"Corchorus olitorius",1259081835,"Wudil District: Approximately 50 km SE of the city of Kano, Northern Nigeria.","NGA",NA,1987,"PRESERVED_SPECIMEN","OCCURRENCE_STATUS_INFERRED_FROM_INDIVIDUAL_COUNT;GEODETIC_DATUM_ASSUMED_WGS84;INSTITUTION_MATCH_FUZZY;COLLECTION_MATCH_NONE"
37.216667,-7.2,"Corchorus olitorius",1259075810,"Mikumi National Park: north of Lodge: east of road; along seasonal stream.","TZA",NA,1984,"PRESERVED_SPECIMEN","OCCURRENCE_STATUS_INFERRED_FROM_INDIVIDUAL_COUNT;COORDINATE_ROUNDED;GEODETIC_DATUM_ASSUMED_WGS84;INSTITUTION_MATCH_FUZZY;COLLECTION_MATCH_NONE"
106.85,22.35,"Corchorus olitorius",4043649547,"","CHN",NA,1958,"PRESERVED_SPECIMEN","COUNTRY_INVALID;GEODETIC_DATUM_ASSUMED_WGS84;CONTINENT_DERIVED_FROM_COORDINATES;INSTITUTION_MATCH_FUZZY;COLLECTION_MATCH_NONE"
105.62,23.63,"Corchorus olitorius",4043460687,"","CHN",NA,1958,"PRESERVED_SPECIMEN","COUNTRY_INVALID;GEODETIC_DATUM_ASSUMED_WGS84;CONTINENT_DERIVED_FROM_COORDINATES;INSTITUTION_MATCH_FUZZY;COLLECTION_MATCH_NONE"
107.05,24.55,"Corchorus olitorius",4044355747,"","CHN",NA,1977,"PRESERVED_SPECIMEN","COUNTRY_INVALID;GEODETIC_DATUM_ASSUMED_WGS84;CONTINENT_DERIVED_FROM_COORDINATES;INSTITUTION_MATCH_FUZZY;COLLECTION_MATCH_NONE"
108.63,19.1,"Corchorus olitorius",4043676199,"","CHN",NA,1956,"PRESERVED_SPECIMEN","COUNTRY_INVALID;GEODETIC_DATUM_ASSUMED_WGS84;CONTINENT_DERIVED_FROM_COORDINATES;INSTITUTION_MATCH_FUZZY;COLLECTION_MATCH_NONE"
110.2,25.23,"Corchorus olitorius",4045026056,"","CHN",NA,1953,"PRESERVED_SPECIMEN","COUNTRY_INVALID;GEODETIC_DATUM_ASSUMED_WGS84;CONTINENT_DERIVED_FROM_COORDINATES;INSTITUTION_MATCH_FUZZY;COLLECTION_MATCH_NONE"
98.87,26.9,"Corchorus olitorius",4043460689,"","CHN",NA,1975,"PRESERVED_SPECIMEN","COUNTRY_INVALID;GEODETIC_DATUM_ASSUMED_WGS84;CONTINENT_DERIVED_FROM_COORDINATES;INSTITUTION_MATCH_FUZZY;COLLECTION_MATCH_NONE"
-106.6571,24.080235,"Corchorus olitorius",1945459684,"","MEX",122,2018,"HUMAN_OBSERVATION","COORDINATE_ROUNDED;CONTINENT_DERIVED_FROM_COORDINATES"
-121.75,38.54,"Corchorus olitorius",2575160051,"Sacramento Valley; Davis. University of California, Davis; Genetics Department greenhouse.","USA",1000,1963,"PRESERVED_SPECIMEN","GEODETIC_DATUM_ASSUMED_WGS84;CONTINENT_DERIVED_FROM_COORDINATES;INSTITUTION_MATCH_FUZZY"
0.466667,6.6,"Corchorus olitorius",1890119063,"","GHA",NA,1955,"HUMAN_OBSERVATION","COORDINATE_ROUNDED;CONTINENT_DERIVED_FROM_COORDINATES"
139.8389,34.9585,"Corchorus olitorius",3324572750,"","JPN",NA,1969,"PRESERVED_SPECIMEN","GEODETIC_DATUM_ASSUMED_WGS84;CONTINENT_DERIVED_FROM_COORDINATES;COLLECTION_MATCH_NONE"
152.113236,-27.565631,"Corchorus olitorius",2579306189,"","AUS",NA,2020,"HUMAN_OBSERVATION","COORDINATE_ROUNDED;CONTINENT_DERIVED_FROM_COORDINATES"
116.27,37.69,"Corchorus olitorius",2417627268,"","CHN",NA,1972,"PRESERVED_SPECIMEN","GEODETIC_DATUM_ASSUMED_WGS84;CONTINENT_DERIVED_FROM_COORDINATES;INSTITUTION_MATCH_FUZZY;COLLECTION_MATCH_NONE"
1.6,9.75,"Corchorus olitorius",4066456989,"Nalohou II","BEN",NA,1998,"PRESERVED_SPECIMEN","CONTINENT_DERIVED_FROM_COORDINATES;INSTITUTION_MATCH_NONE"
3.39667,10.96194,"Corchorus olitorius",4066475433,"Gbéssaka, bord de route vers Ségbana","BEN",NA,2001,"PRESERVED_SPECIMEN","CONTINENT_DERIVED_FROM_COORDINATES;INSTITUTION_MATCH_NONE"
15.016667,11.3,"Corchorus olitorius",4066538382,"Près Bogo (35km à l'ENE de Maroua)","CMR",NA,1964,"PRESERVED_SPECIMEN","COORDINATE_ROUNDED;CONTINENT_DERIVED_FROM_COORDINATES;INSTITUTION_MATCH_FUZZY;COLLECTION_MATCH_NONE"
2.17556,7.80944,"Corchorus olitorius",4066475801,"Doumè","BEN",NA,2001,"PRESERVED_SPECIMEN","CONTINENT_DERIVED_FROM_COORDINATES;INSTITUTION_MATCH_NONE"
12.866667,6.966667,"Corchorus olitorius",4066536331,"Minim (60km au NNE de Tibati)","CMR",NA,1963,"PRESERVED_SPECIMEN","COORDINATE_ROUNDED;CONTINENT_DERIVED_FROM_COORDINATES;INSTITUTION_MATCH_FUZZY;COLLECTION_MATCH_NONE"
14.516667,10.166667,"Corchorus olitorius",4066457379,"Route Lara - Guidiguis (15 km ENE de Kaele)","CMR",NA,1964,"PRESERVED_SPECIMEN","COORDINATE_ROUNDED;CONTINENT_DERIVED_FROM_COORDINATES;INSTITUTION_MATCH_FUZZY;COLLECTION_MATCH_NONE"
11.233333,4.75,"Corchorus olitorius",4066463358,"Rionong - Bafia.","CMR",NA,1974,"PRESERVED_SPECIMEN","COORDINATE_ROUNDED;CONTINENT_DERIVED_FROM_COORDINATES;INSTITUTION_MATCH_FUZZY;COLLECTION_MATCH_NONE"
2.7,9.03333,"Corchorus olitorius",4066551035,"","BEN",NA,1998,"PRESERVED_SPECIMEN","CONTINENT_DERIVED_FROM_COORDINATES;INSTITUTION_MATCH_NONE"
1.65,7.11667,"Corchorus olitorius",4066463207,"Badjamè.","BEN",NA,1999,"PRESERVED_SPECIMEN","CONTINENT_DERIVED_FROM_COORDINATES;INSTITUTION_MATCH_NONE"
3.45,10.16667,"Corchorus olitorius",4066465203,"Maréguita","BEN",NA,1998,"PRESERVED_SPECIMEN","CONTINENT_DERIVED_FROM_COORDINATES;INSTITUTION_MATCH_NONE"
13.933333,10.966667,"Corchorus olitorius",4066461373,"Parc National de Mozogo Gokoro","CMR",NA,1984,"PRESERVED_SPECIMEN","COORDINATE_ROUNDED;CONTINENT_DERIVED_FROM_COORDINATES;INSTITUTION_MATCH_FUZZY;COLLECTION_MATCH_NONE"
14.233333,11.166667,"Corchorus olitorius",4066539386,"Près Magdeme (25 Km NE de Mora)","CMR",NA,1964,"PRESERVED_SPECIMEN","COORDINATE_ROUNDED;CONTINENT_DERIVED_FROM_COORDINATES;INSTITUTION_MATCH_FUZZY;COLLECTION_MATCH_NONE"
122.366667,-17.866389,"Corchorus olitorius",2854050432,"Palms Nursery, 12 Mile Area, about 20 km E of Broome,","AUS",NA,1999,"PRESERVED_SPECIMEN","COORDINATE_ROUNDED;CONTINENT_DERIVED_FROM_COORDINATES;INSTITUTION_MATCH_FUZZY;COLLECTION_MATCH_FUZZY"
128.661111,-14.897222,"Corchorus olitorius",2854336733,"1 km E of Long Spring","AUS",NA,1989,"PRESERVED_SPECIMEN","COORDINATE_ROUNDED;CONTINENT_DERIVED_FROM_COORDINATES;INSTITUTION_MATCH_FUZZY;COLLECTION_MATCH_FUZZY"
112.93,33.05,"Corchorus olitorius",4044239330,"","CHN",NA,1961,"PRESERVED_SPECIMEN","COUNTRY_INVALID;GEODETIC_DATUM_ASSUMED_WGS84;CONTINENT_DERIVED_FROM_COORDINATES;INSTITUTION_MATCH_FUZZY;COLLECTION_MATCH_NONE"
102.47,25.55,"Corchorus olitorius",4043409909,"","CHN",NA,1964,"PRESERVED_SPECIMEN","COUNTRY_INVALID;GEODETIC_DATUM_ASSUMED_WGS84;CONTINENT_DERIVED_FROM_COORDINATES;INSTITUTION_MATCH_FUZZY;COLLECTION_MATCH_NONE"
102.27,27.9,"Corchorus olitorius",4045456426,"","CHN",NA,1958,"PRESERVED_SPECIMEN","COUNTRY_INVALID;GEODETIC_DATUM_ASSUMED_WGS84;CONTINENT_DERIVED_FROM_COORDINATES;INSTITUTION_MATCH_FUZZY;COLLECTION_MATCH_NONE"
98.58,24.43,"Corchorus olitorius",4044724670,"","CHN",NA,1960,"PRESERVED_SPECIMEN","COUNTRY_INVALID;GEODETIC_DATUM_ASSUMED_WGS84;CONTINENT_DERIVED_FROM_COORDINATES;INSTITUTION_MATCH_FUZZY;COLLECTION_MATCH_NONE"
102.83,23.23,"Corchorus olitorius",4044664991,"","CHN",NA,1973,"PRESERVED_SPECIMEN","COUNTRY_INVALID;GEODETIC_DATUM_ASSUMED_WGS84;CONTINENT_DERIVED_FROM_COORDINATES;INSTITUTION_MATCH_FUZZY;COLLECTION_MATCH_NONE"
99.83,23.47,"Corchorus olitorius",4044824424,"","CHN",NA,1957,"PRESERVED_SPECIMEN","COUNTRY_INVALID;GEODETIC_DATUM_ASSUMED_WGS84;CONTINENT_DERIVED_FROM_COORDINATES;INSTITUTION_MATCH_FUZZY;COLLECTION_MATCH_NONE"
102.12,26.88,"Corchorus olitorius",4044350672,"","CHN",NA,1958,"PRESERVED_SPECIMEN","COUNTRY_INVALID;GEODETIC_DATUM_ASSUMED_WGS84;CONTINENT_DERIVED_FROM_COORDINATES;INSTITUTION_MATCH_FUZZY;COLLECTION_MATCH_NONE"
102.4,24.18,"Corchorus olitorius",4043443478,"","CHN",NA,1958,"PRESERVED_SPECIMEN","COUNTRY_INVALID;GEODETIC_DATUM_ASSUMED_WGS84;CONTINENT_DERIVED_FROM_COORDINATES;INSTITUTION_MATCH_FUZZY;COLLECTION_MATCH_NONE"
102.25,26.67,"Corchorus olitorius",4045080139,"","CHN",NA,1978,"PRESERVED_SPECIMEN","COUNTRY_INVALID;GEODETIC_DATUM_ASSUMED_WGS84;CONTINENT_DERIVED_FROM_COORDINATES;INSTITUTION_MATCH_FUZZY;COLLECTION_MATCH_NONE"
102.4,23,"Corchorus olitorius",4044724674,"","CHN",NA,1973,"PRESERVED_SPECIMEN","COUNTRY_INVALID;GEODETIC_DATUM_ASSUMED_WGS84;CONTINENT_DERIVED_FROM_COORDINATES;INSTITUTION_MATCH_FUZZY;COLLECTION_MATCH_NONE"
-85.305556,10.55,"Corchorus olitorius",1253779232,"Finca Monteverde.","CRI",NA,1996,"PRESERVED_SPECIMEN","COORDINATE_ROUNDED;CONTINENT_DERIVED_FROM_COORDINATES;CONTINENT_INVALID;INSTITUTION_MATCH_FUZZY;COLLECTION_MATCH_NONE"
1.654552,6.934936,"Corchorus olitorius",2237136548,"Aplahoué","BEN",NA,1996,"HUMAN_OBSERVATION","GEODETIC_DATUM_ASSUMED_WGS84"
1.966386,7.153834,"Corchorus olitorius",2237136206,"Zassa","BEN",NA,1996,"HUMAN_OBSERVATION","GEODETIC_DATUM_ASSUMED_WGS84"
-1.517717,13.328392,"Corchorus olitorius",3039278515,"","BFA",31,2006,"HUMAN_OBSERVATION","COORDINATE_ROUNDED;CONTINENT_DERIVED_FROM_COORDINATES"
80.18,8.75,"Corchorus olitorius",1321584931,"Near mile marker 120, Parayanalankulam","LKA",NA,1972,"PRESERVED_SPECIMEN","GEODETIC_DATUM_ASSUMED_WGS84;PRESUMED_SWAPPED_COORDINATE"
-8.212,7.604,"Corchorus olitorius",197063665,"Foret Classee de Dere","GIN",NA,2003,"HUMAN_OBSERVATION","GEODETIC_DATUM_ASSUMED_WGS84;CONTINENT_DERIVED_FROM_COORDINATES"
34.34411,-18.59727,"Corchorus olitorius",3903540391,"","MOZ",50,2015,"HUMAN_OBSERVATION","CONTINENT_DERIVED_FROM_COORDINATES"
30.578649,36.573535,"Corchorus olitorius",4029198439,"","TUR",10,2022,"HUMAN_OBSERVATION","COORDINATE_ROUNDED;CONTINENT_DERIVED_FROM_COORDINATES"
144.93782,-15.887263,"Corchorus olitorius",3925096473,"","AUS",23,2021,"HUMAN_OBSERVATION","COORDINATE_ROUNDED;CONTINENT_DERIVED_FROM_COORDINATES"
120.554599,22.91133,"Corchorus olitorius",3384031268,"","TWN",2,2021,"HUMAN_OBSERVATION","COORDINATE_ROUNDED;CONTINENT_DERIVED_FROM_COORDINATES"
49.087797,-12.265172,"Corchorus olitorius",3058875402,"","MDG",5,2021,"HUMAN_OBSERVATION","COORDINATE_ROUNDED;CONTINENT_DERIVED_FROM_COORDINATES"
73.02869,19.49014,"Corchorus olitorius",4046380138,"","IND",31,2014,"HUMAN_OBSERVATION","COORDINATE_ROUNDED;CONTINENT_DERIVED_FROM_COORDINATES"
93.672254,25.820691,"Corchorus olitorius",3958160925,"","IND",NA,2020,"HUMAN_OBSERVATION","COORDINATE_ROUNDED;COUNTRY_DERIVED_FROM_COORDINATES;CONTINENT_DERIVED_FROM_COORDINATES"
93.87812,24.503666,"Corchorus olitorius",3956881778,"","IND",NA,2020,"HUMAN_OBSERVATION","COORDINATE_ROUNDED;COUNTRY_DERIVED_FROM_COORDINATES;CONTINENT_DERIVED_FROM_COORDINATES"
141.8,-21.033333,"Corchorus olitorius",2830454062,"Toorak Field Station, S of Julia Creek.","AUS",5000,1956,"PRESERVED_SPECIMEN","CONTINENT_DERIVED_FROM_COORDINATES;INSTITUTION_MATCH_FUZZY;COLLECTION_MATCH_FUZZY"
-90.2428,38.3458,"Corchorus olitorius",4060959740,"Global Foods Market, 421 N. Kirkwood Rd., Kirkwood, MO, 63122, ph: 314-835-1112.","USA",NA,2000,"PRESERVED_SPECIMEN","OCCURRENCE_STATUS_INFERRED_FROM_INDIVIDUAL_COUNT;GEODETIC_DATUM_ASSUMED_WGS84;INSTITUTION_MATCH_NONE"
36.1475,-4.00305,"Corchorus olitorius",4061008354,"Tarangire National Park; around the bridge of river Tarangire near Kuro Ranger Post; Acacia bushland.","TZA",NA,2001,"PRESERVED_SPECIMEN","GEODETIC_DATUM_ASSUMED_WGS84;INSTITUTION_MATCH_NONE"
28.58194,-16.04416,"Corchorus olitorius",4061614870,"Siavonga District; Zambezi Escarpment; along Malenga stream; ca. 14.4 km W of intersection of T2 (Kafue-Chirundu Road) and road to Siavonga/Kariba (MI5). Collection along valley bottom above Musaya stream, in Tonga (Sigongo) Reserve.","ZMB",NA,1997,"PRESERVED_SPECIMEN","OCCURRENCE_STATUS_INFERRED_FROM_INDIVIDUAL_COUNT;GEODETIC_DATUM_ASSUMED_WGS84;INSTITUTION_MATCH_NONE"
39.21666,-8.18333,"Corchorus olitorius",4060956863,"T6. Matumbi Hills, Nyamakutwa-Nyaumete Forest Reserve.","TZA",NA,1999,"PRESERVED_SPECIMEN","OCCURRENCE_STATUS_INFERRED_FROM_INDIVIDUAL_COUNT;GEODETIC_DATUM_ASSUMED_WGS84;INSTITUTION_MATCH_NONE"
140.25,-18.616667,"Corchorus olitorius",2830714577,"Boogan Lagoon.","AUS",2000,1974,"PRESERVED_SPECIMEN","CONTINENT_DERIVED_FROM_COORDINATES;INSTITUTION_MATCH_FUZZY;COLLECTION_MATCH_FUZZY"
146.833889,-19.235833,"Corchorus olitorius",2830543968,"Townsville Port precints, vicinity of nickel ore conveyor belt.","AUS",1000,2001,"PRESERVED_SPECIMEN","CONTINENT_DERIVED_FROM_COORDINATES;INSTITUTION_MATCH_FUZZY;COLLECTION_MATCH_FUZZY"
1.758056,6.597778,"Corchorus olitorius",2516076667,"Hahame Kodji.","BEN",NA,2011,"PRESERVED_SPECIMEN","INSTITUTION_MATCH_FUZZY;INSTITUTION_COLLECTION_MISMATCH"
-5.016667,6.225,"Corchorus olitorius",2517552602,"Lamto.","CIV",NA,1982,"PRESERVED_SPECIMEN","INSTITUTION_MATCH_FUZZY;INSTITUTION_COLLECTION_MISMATCH"
2.266537,6.710843,"Corchorus olitorius",2549161116,"Allada, Agbandonou","BEN",NA,2008,"HUMAN_OBSERVATION","GEODETIC_DATUM_ASSUMED_WGS84"
2.722836,9.34802,"Corchorus olitorius",2549161190,"Tchaourou, Kpassa","BEN",NA,2008,"HUMAN_OBSERVATION","GEODETIC_DATUM_ASSUMED_WGS84"
1.696881,9.316264,"Corchorus olitorius",2549161208,"Bassila, Wellan","BEN",NA,2008,"HUMAN_OBSERVATION","GEODETIC_DATUM_ASSUMED_WGS84"
1.496576,9.304051,"Corchorus olitorius",2549161227,"Bassila, Penelan","BEN",NA,2008,"HUMAN_OBSERVATION","GEODETIC_DATUM_ASSUMED_WGS84"
2.466059,6.700058,"Corchorus olitorius",2549161342,"Adjohoun, Gogbo","BEN",NA,2008,"HUMAN_OBSERVATION","GEODETIC_DATUM_ASSUMED_WGS84"
1.424309,10.873735,"Corchorus olitorius",2549161343,"Tanguiéta, Tanongou","BEN",NA,2008,"HUMAN_OBSERVATION","GEODETIC_DATUM_ASSUMED_WGS84"
1.29322,10.656182,"Corchorus olitorius",2549161499,"Tanguieta, Cotiakou","BEN",NA,2008,"HUMAN_OBSERVATION","GEODETIC_DATUM_ASSUMED_WGS84"
1.829746,7.390296,"Corchorus olitorius",2549161502,"Djidja, Sovlegni","BEN",NA,2008,"HUMAN_OBSERVATION","GEODETIC_DATUM_ASSUMED_WGS84"
2.959782,9.860997,"Corchorus olitorius",2549161532,"Pèrèrè, Soubado","BEN",NA,2008,"HUMAN_OBSERVATION","GEODETIC_DATUM_ASSUMED_WGS84"
2.559171,9.509242,"Corchorus olitorius",2549161575,"Parakou, Dabou","BEN",NA,2008,"HUMAN_OBSERVATION","GEODETIC_DATUM_ASSUMED_WGS84"
2.218097,7.893502,"Corchorus olitorius",2549161698,"Dassa‐Zoumè, Ileman","BEN",NA,2008,"HUMAN_OBSERVATION","GEODETIC_DATUM_ASSUMED_WGS84"
1.668018,7.838494,"Corchorus olitorius",2549161736,"Savalou, Tamba","BEN",NA,2008,"HUMAN_OBSERVATION","GEODETIC_DATUM_ASSUMED_WGS84"
1.43032,9.393763,"Corchorus olitorius",2549161738,"Bassila, Tchimberi","BEN",NA,2008,"HUMAN_OBSERVATION","GEODETIC_DATUM_ASSUMED_WGS84"
1.905241,6.789034,"Corchorus olitorius",2549161770,"Lalo, Afomayi","BEN",NA,2008,"HUMAN_OBSERVATION","GEODETIC_DATUM_ASSUMED_WGS84"
1.678757,6.789034,"Corchorus olitorius",2549161775,"Dogbo, Agnavo","BEN",NA,2008,"HUMAN_OBSERVATION","GEODETIC_DATUM_ASSUMED_WGS84"
2.735201,10.988089,"Corchorus olitorius",2549161877,"Kandi, Tankougou","BEN",NA,2008,"HUMAN_OBSERVATION","GEODETIC_DATUM_ASSUMED_WGS84"
2.182608,8.001743,"Corchorus olitorius",2549161916,"Glazoué, Kpakpaza","BEN",NA,2008,"HUMAN_OBSERVATION","GEODETIC_DATUM_ASSUMED_WGS84"
1.612388,6.7358,"Corchorus olitorius",2549161928,"Athiémé, Assedji","BEN",NA,2008,"HUMAN_OBSERVATION","GEODETIC_DATUM_ASSUMED_WGS84"
1.293828,10.320234,"Corchorus olitorius",2549161976,"Natitingou, Tagaye","BEN",NA,2008,"HUMAN_OBSERVATION","GEODETIC_DATUM_ASSUMED_WGS84"
3.290238,10.254547,"Corchorus olitorius",2549162005,"Kalale, Mareguinta","BEN",NA,2008,"HUMAN_OBSERVATION","GEODETIC_DATUM_ASSUMED_WGS84"
2.312454,8.407562,"Corchorus olitorius",2549162038,"Ouèssè, Ikemon","BEN",NA,2008,"HUMAN_OBSERVATION","GEODETIC_DATUM_ASSUMED_WGS84"
1.927087,8.115308,"Corchorus olitorius",2549162140,"Savalou, Ekpa","BEN",NA,2008,"HUMAN_OBSERVATION","GEODETIC_DATUM_ASSUMED_WGS84"
1.354897,10.1126,"Corchorus olitorius",2549162249,"Natitingou, Moupemou","BEN",NA,2008,"HUMAN_OBSERVATION","GEODETIC_DATUM_ASSUMED_WGS84"
3.220004,11.991811,"Corchorus olitorius",2549162292,"Karimama, Kargui","BEN",NA,2008,"HUMAN_OBSERVATION","GEODETIC_DATUM_ASSUMED_WGS84"
2.637339,8.366035,"Corchorus olitorius",2549162359,"Save, Okunfo","BEN",NA,2008,"HUMAN_OBSERVATION","GEODETIC_DATUM_ASSUMED_WGS84"
2.808332,10.415501,"Corchorus olitorius",2549162410,"Bembereke, Ganro","BEN",NA,2008,"HUMAN_OBSERVATION","GEODETIC_DATUM_ASSUMED_WGS84"
2.150599,7.117975,"Corchorus olitorius",2549162507,"Zogbodomey, Bognongon","BEN",NA,2008,"HUMAN_OBSERVATION","GEODETIC_DATUM_ASSUMED_WGS84"
2.310011,9.213669,"Corchorus olitorius",2549162422,"Tchaourou, Banigri","BEN",NA,2008,"HUMAN_OBSERVATION","GEODETIC_DATUM_ASSUMED_WGS84"
3.188202,11.820081,"Corchorus olitorius",2549162334,"Malanville, Torozogou","BEN",NA,2008,"HUMAN_OBSERVATION","GEODETIC_DATUM_ASSUMED_WGS84"
2.341767,8.55657,"Corchorus olitorius",2549162606,"Ouèssè, Vossa","BEN",NA,2008,"HUMAN_OBSERVATION","GEODETIC_DATUM_ASSUMED_WGS84"
1.479477,10.347104,"Corchorus olitorius",2549162656,"Natitingou, Pouya","BEN",NA,2008,"HUMAN_OBSERVATION","GEODETIC_DATUM_ASSUMED_WGS84"
2.39326,7.250091,"Corchorus olitorius",2549162665,"Zagnanado, Zonmon","BEN",NA,2008,"HUMAN_OBSERVATION","GEODETIC_DATUM_ASSUMED_WGS84"
2.711417,7.155723,"Corchorus olitorius",2549162725,"Pobè, Akpate","BEN",NA,2008,"HUMAN_OBSERVATION","GEODETIC_DATUM_ASSUMED_WGS84"
35.57,33.18,"Corchorus olitorius",1094180927,"","ISR",NA,2009,"PRESERVED_SPECIMEN","COUNTRY_DERIVED_FROM_COORDINATES;CONTINENT_DERIVED_FROM_COORDINATES;INSTITUTION_MATCH_FUZZY;INSTITUTION_COLLECTION_MISMATCH"
35.53,32.87,"Corchorus olitorius",1094183881,"","ISR",NA,2009,"PRESERVED_SPECIMEN","COUNTRY_DERIVED_FROM_COORDINATES;CONTINENT_DERIVED_FROM_COORDINATES;INSTITUTION_MATCH_FUZZY;INSTITUTION_COLLECTION_MISMATCH"
130.83733,-12.44555,"Corchorus olitorius",3458141658,"","AUS",25,2013,"HUMAN_OBSERVATION","CONTINENT_DERIVED_FROM_COORDINATES"
130.83299,-12.43877,"Corchorus olitorius",2445808447,"","AUS",25,2013,"HUMAN_OBSERVATION","CONTINENT_DERIVED_FROM_COORDINATES"
133.571797,-14.851295,"Corchorus olitorius",2850171289,"Elsey Station","AUS",NA,1993,"HUMAN_OBSERVATION","CONTINENT_DERIVED_FROM_COORDINATES"
131.391328,-13.593463,"Corchorus olitorius",1633504739,"riparian corridor","AUS",NA,2007,"HUMAN_OBSERVATION","CONTINENT_DERIVED_FROM_COORDINATES"
136.53542,-11.77505,"Corchorus olitorius",3458105683,"","AUS",25,2001,"HUMAN_OBSERVATION","CONTINENT_DERIVED_FROM_COORDINATES"
132.43469,-14.56,"Corchorus olitorius",2850123419,"Cutta Cutta Caves Nature Park","AUS",20,2019,"HUMAN_OBSERVATION","CONTINENT_DERIVED_FROM_COORDINATES"
137.87327,-21.45368,"Corchorus olitorius",1633163642,"","AUS",NA,2001,"HUMAN_OBSERVATION","CONTINENT_DERIVED_FROM_COORDINATES"
131.05315,-12.59336,"Corchorus olitorius",3458102922,"","AUS",25,2014,"HUMAN_OBSERVATION","CONTINENT_DERIVED_FROM_COORDINATES"
134.43816,-14.88667,"Corchorus olitorius",1633054543,"Roper survey. Mt McMinn station, SE section. Euc. microtheca woodland on clay amongst rocks on slight slope.","AUS",20,2002,"HUMAN_OBSERVATION","CONTINENT_DERIVED_FROM_COORDINATES"
131.141758,-15.64837,"Corchorus olitorius",1633154403,"Gregory NP Rare Plants Plot 115; Vic River. Alluvial flat with Euc microtheca and a grassy understorey of Panicum decompositum and Chrysopogon fallax, valley floor, alluvial flat, Clay Loam","AUS",4,2001,"HUMAN_OBSERVATION","CONTINENT_DERIVED_FROM_COORDINATES"
135.691766,-18.029987,"Corchorus olitorius",1805958668,"","AUS",20,2017,"HUMAN_OBSERVATION","CONTINENT_DERIVED_FROM_COORDINATES"
137.12899,-20.21434,"Corchorus olitorius",1633515327,"","AUS",NA,1995,"HUMAN_OBSERVATION","CONTINENT_DERIVED_FROM_COORDINATES"
131.668321,-14.711111,"Corchorus olitorius",1633464278,"along service road, eastern side of main road north of camp","AUS",NA,2008,"HUMAN_OBSERVATION","CONTINENT_DERIVED_FROM_COORDINATES"
135.65565,-16.31531,"Corchorus olitorius",1633076547,"Limmen NP, Billengarah block approx 30km south east of Tawallah creek crossing. Limestone outcrops dominated by Bauhinia cunninghamii, Corymbia terminalis and Eucalyptus chlorophylla. Site 371","AUS",5,2010,"HUMAN_OBSERVATION","CONTINENT_DERIVED_FROM_COORDINATES"
130.97131,-16.06578,"Corchorus olitorius",1633539767,"","AUS",NA,1999,"HUMAN_OBSERVATION","CONTINENT_DERIVED_FROM_COORDINATES"
131.01196,-12.75064,"Corchorus olitorius",2445775818,"","AUS",25,2014,"HUMAN_OBSERVATION","CONTINENT_DERIVED_FROM_COORDINATES"
130.934299,-13.692842,"Corchorus olitorius",1633506923,"western boundary","AUS",NA,2008,"HUMAN_OBSERVATION","CONTINENT_DERIVED_FROM_COORDINATES"
130.36521,-15.44739,"Corchorus olitorius",1633288534,"","AUS",NA,1999,"HUMAN_OBSERVATION","CONTINENT_DERIVED_FROM_COORDINATES"
124.948611,-17.401944,"Corchorus olitorius",1633239417,"Windjana Gorge","AUS",NA,2001,"HUMAN_OBSERVATION","CONTINENT_DERIVED_FROM_COORDINATES"
130.27637,-15.34775,"Corchorus olitorius",2445790029,"","AUS",25,2000,"HUMAN_OBSERVATION","CONTINENT_DERIVED_FROM_COORDINATES"
137.91731,-20.25305,"Corchorus olitorius",1633247825,"","AUS",NA,2001,"HUMAN_OBSERVATION","CONTINENT_DERIVED_FROM_COORDINATES"
123.623333,-17.303333,"Corchorus olitorius",2853639516,"Margin of causeway to wharf in Derby,","AUS",NA,1996,"PRESERVED_SPECIMEN","COORDINATE_ROUNDED;CONTINENT_DERIVED_FROM_COORDINATES;INSTITUTION_MATCH_FUZZY;COLLECTION_MATCH_FUZZY"
0.28,6.36,"Corchorus olitorius",2252217641,"Ho","GHA",NA,1955,"PRESERVED_SPECIMEN","GEODETIC_DATUM_ASSUMED_WGS84;CONTINENT_DERIVED_FROM_COORDINATES"
-1.49,9.05,"Corchorus olitorius",2252217578,"Damongo","GHA",NA,1958,"PRESERVED_SPECIMEN","GEODETIC_DATUM_ASSUMED_WGS84;PRESUMED_NEGATED_LONGITUDE;CONTINENT_DERIVED_FROM_COORDINATES"
-1.233333,12.65,"Corchorus olitorius",2516188323,"48 km from Ouagadougou barrage, along road to Kaya, roadside.","BFA",NA,2005,"PRESERVED_SPECIMEN","INSTITUTION_MATCH_FUZZY;INSTITUTION_COLLECTION_MISMATCH"
34.183333,-0.55,"Corchorus olitorius",2517674365,"Sindow Valley.","KEN",NA,1974,"PRESERVED_SPECIMEN","INSTITUTION_MATCH_FUZZY;INSTITUTION_COLLECTION_MISMATCH"
3.833333,7.133333,"Corchorus olitorius",2517865326,"Nigeria. Western Province. Gambari, ± 20 miles S.E. of Ibadan.","NGA",NA,1966,"PRESERVED_SPECIMEN","INSTITUTION_MATCH_FUZZY;INSTITUTION_COLLECTION_MISMATCH"
46.55,-24.83,"Corchorus olitorius",1317513593,"Reserve Integrale #11, Andoohahela, Parcelle 2, Ihazofotsy.","MDG",NA,1993,"PRESERVED_SPECIMEN","GEODETIC_DATUM_ASSUMED_WGS84"
41.098333,11.728333,"Corchorus olitorius",2516220590,"just S of Tendaho, Tendaho farming area.","ETH",NA,2007,"PRESERVED_SPECIMEN","INSTITUTION_MATCH_FUZZY;INSTITUTION_COLLECTION_MISMATCH"
133.164,-15.573,"Corchorus olitorius",2826675427,"Birdum Creek and Wubalawun southern boundary.","AUS",10,2014,"PRESERVED_SPECIMEN","COORDINATE_ROUNDED;CONTINENT_DERIVED_FROM_COORDINATES;INSTITUTION_MATCH_FUZZY;COLLECTION_MATCH_FUZZY"
130.9557,-17.0156,"Corchorus olitorius",2826841656,"Gregory National Park, SE of Victoria River Portion","AUS",100,2003,"PRESERVED_SPECIMEN","CONTINENT_DERIVED_FROM_COORDINATES;INSTITUTION_MATCH_FUZZY;COLLECTION_MATCH_FUZZY"
136.09784,-16.45197,"Corchorus olitorius",2826743946,"M11. 2 km S MacArthur River mine","AUS",100,2003,"PRESERVED_SPECIMEN","CONTINENT_DERIVED_FROM_COORDINATES;INSTITUTION_MATCH_FUZZY;COLLECTION_MATCH_FUZZY"
136.56028,-18.7125,"Corchorus olitorius",2826683976,"Connells Lagoon;inside Nth-fenceline","AUS",NA,1997,"PRESERVED_SPECIMEN","CONTINENT_DERIVED_FROM_COORDINATES;INSTITUTION_MATCH_FUZZY;COLLECTION_MATCH_FUZZY"
129.311111,-17.408611,"Corchorus olitorius",2826915579,"Weaver Bore, 9 km S of Nelson Springs, Mistake Creek Station,, Northern Territory.","AUS",10,2016,"PRESERVED_SPECIMEN","COORDINATE_ROUNDED;CONTINENT_DERIVED_FROM_COORDINATES;INSTITUTION_MATCH_FUZZY;COLLECTION_MATCH_FUZZY"
135.5305,-17.9864,"Corchorus olitorius",2826715127,"Anthony Lagoon","AUS",NA,1998,"PRESERVED_SPECIMEN","CONTINENT_DERIVED_FROM_COORDINATES;INSTITUTION_MATCH_FUZZY;COLLECTION_MATCH_FUZZY"
137.450219,-18.880466,"Corchorus olitorius",2826788670,"10km ESE Sandy Bore;Mittiebah Stn.","AUS",NA,2004,"PRESERVED_SPECIMEN","COORDINATE_ROUNDED;CONTINENT_DERIVED_FROM_COORDINATES;INSTITUTION_MATCH_FUZZY;COLLECTION_MATCH_FUZZY"
127.07105,-8.3677,"Corchorus olitorius",2826770065,"Com, Lautem.","TLS",10,2013,"PRESERVED_SPECIMEN","CONTINENT_DERIVED_FROM_COORDINATES;INSTITUTION_MATCH_FUZZY;COLLECTION_MATCH_FUZZY"
-106.84998,23.845671,"Corchorus olitorius",1890098525,"","MEX",61,2017,"HUMAN_OBSERVATION","COORDINATE_ROUNDED;CONTINENT_DERIVED_FROM_COORDINATES"
10.671,63.434,"Corchorus olitorius",3045032281,"","NOR",5000,2008,"HUMAN_OBSERVATION","CONTINENT_DERIVED_FROM_COORDINATES"
144.24283,-23.456792,"Corchorus olitorius",2418512476,"Flood out area from Gin Creek, on rubbish dump road, just south of 2nd Channel.","AUS",2000,1994,"PRESERVED_SPECIMEN","COORDINATE_ROUNDED;CONTINENT_DERIVED_FROM_COORDINATES;INSTITUTION_MATCH_FUZZY;COLLECTION_MATCH_NONE"
5.79581,50.56766,"Corchorus olitorius",3898516036,"","BEL",3,2022,"HUMAN_OBSERVATION","OCCURRENCE_STATUS_INFERRED_FROM_INDIVIDUAL_COUNT"
-1.912525,13.358317,"Corchorus olitorius",3953869163,"","BFA",11,2020,"HUMAN_OBSERVATION","COORDINATE_ROUNDED;COUNTRY_DERIVED_FROM_COORDINATES;CONTINENT_DERIVED_FROM_COORDINATES"
125.510976,7.110078,"Corchorus olitorius",3960287928,"","PHL",33,2022,"HUMAN_OBSERVATION","COORDINATE_ROUNDED;COUNTRY_DERIVED_FROM_COORDINATES;CONTINENT_DERIVED_FROM_COORDINATES"
4.67713,8.480095,"Corchorus olitorius",3954848502,"","NGA",11,2021,"HUMAN_OBSERVATION","COORDINATE_ROUNDED;COUNTRY_DERIVED_FROM_COORDINATES;CONTINENT_DERIVED_FROM_COORDINATES"
141.863889,-12.640833,"Corchorus olitorius",2829139835,"Christie Avenue, Weipa.","AUS",500,2006,"PRESERVED_SPECIMEN","CONTINENT_DERIVED_FROM_COORDINATES;INSTITUTION_MATCH_FUZZY;COLLECTION_MATCH_FUZZY"
8.31295,36.770081,"Corchorus olitorius",3957863049,"","DZA",NA,2020,"HUMAN_OBSERVATION","COORDINATE_ROUNDED;COUNTRY_DERIVED_FROM_COORDINATES;CONTINENT_DERIVED_FROM_COORDINATES"
121.336471,13.894109,"Corchorus olitorius",3951479716,"","PHL",NA,2021,"HUMAN_OBSERVATION","COORDINATE_ROUNDED;COUNTRY_DERIVED_FROM_COORDINATES;CONTINENT_DERIVED_FROM_COORDINATES"
3.357836,11.058199,"Corchorus olitorius",1315940395,"Kandi","BEN",NA,2011,"HUMAN_OBSERVATION","GEODETIC_DATUM_ASSUMED_WGS84"
-5.776247,6.96522,"Corchorus olitorius",3952620684,"","CIV",11,2021,"HUMAN_OBSERVATION","COORDINATE_ROUNDED;COUNTRY_DERIVED_FROM_COORDINATES;CONTINENT_DERIVED_FROM_COORDINATES"
121.049097,12.455617,"Corchorus olitorius",3957587724,"","PHL",NA,2020,"HUMAN_OBSERVATION","COORDINATE_ROUNDED;COUNTRY_DERIVED_FROM_COORDINATES;CONTINENT_DERIVED_FROM_COORDINATES"
120.900556,22.361389,"Corchorus olitorius",891647343,"Tawuhaiann, Daibu","TWN",NA,1967,"PRESERVED_SPECIMEN","COORDINATE_ROUNDED;COUNTRY_DERIVED_FROM_COORDINATES;GEODETIC_DATUM_ASSUMED_WGS84;CONTINENT_DERIVED_FROM_COORDINATES;INSTITUTION_MATCH_FUZZY;COLLECTION_MATCH_NONE"
120.856389,24.412778,"Corchorus olitorius",891636682,"Tahu, Taiko","TWN",NA,1972,"PRESERVED_SPECIMEN","COORDINATE_ROUNDED;COUNTRY_DERIVED_FROM_COORDINATES;GEODETIC_DATUM_ASSUMED_WGS84;CONTINENT_DERIVED_FROM_COORDINATES;INSTITUTION_MATCH_FUZZY;COLLECTION_MATCH_NONE"
120.643611,22.719444,"Corchorus olitorius",891618019,"Santi, Santeimon (Santimen, Saiteimon)","TWN",NA,1976,"PRESERVED_SPECIMEN","COORDINATE_ROUNDED;COUNTRY_DERIVED_FROM_COORDINATES;GEODETIC_DATUM_ASSUMED_WGS84;CONTINENT_DERIVED_FROM_COORDINATES;INSTITUTION_MATCH_FUZZY;COLLECTION_MATCH_NONE"
3.117628,10.348926,"Corchorus olitorius",1586013892,"Dunkassa-Derrasi peulh","BEN",NA,2008,"HUMAN_OBSERVATION","GEODETIC_DATUM_ASSUMED_WGS84"
1.933333,13.6,"Corchorus olitorius",2517879385,"Rio Bravo, 20km O Niamey, région de Niamey, bord du fleuve Niger.","NER",NA,1995,"PRESERVED_SPECIMEN","INSTITUTION_MATCH_FUZZY;INSTITUTION_COLLECTION_MISMATCH"
151.32775,-33.3947,"Corchorus olitorius",3128798977,"Gosford Horticultural Research Station.","AUS",2000,1979,"PRESERVED_SPECIMEN","CONTINENT_DERIVED_FROM_COORDINATES;INSTITUTION_MATCH_FUZZY;COLLECTION_MATCH_FUZZY"
-42.355,-22.799444,"Corchorus olitorius",2974298678,"","BRA",NA,2020,"HUMAN_OBSERVATION","COORDINATE_ROUNDED;COUNTRY_DERIVED_FROM_COORDINATES;CONTINENT_DERIVED_FROM_COORDINATES"
106.196863,20.051292,"Corchorus olitorius",3998219055,"","VNM",4,2022,"HUMAN_OBSERVATION","COORDINATE_ROUNDED;COUNTRY_DERIVED_FROM_COORDINATES;CONTINENT_DERIVED_FROM_COORDINATES"
131.3397,-7.9483,"Corchorus olitorius",2514353160,"Tanimbar isl.","IDN",NA,1956,"PRESERVED_SPECIMEN","INSTITUTION_MATCH_FUZZY;INSTITUTION_COLLECTION_MISMATCH"
1.06,7.01,"Corchorus olitorius",1888922827,"Lomé","TGO",NA,1985,"HUMAN_OBSERVATION","GEODETIC_DATUM_ASSUMED_WGS84;CONTINENT_DERIVED_FROM_COORDINATES"
135.710134,-15.310872,"Corchorus olitorius",2826845447,"Limmen National Park, near Limmen River mouth","AUS",250,2009,"PRESERVED_SPECIMEN","COORDINATE_ROUNDED;CONTINENT_DERIVED_FROM_COORDINATES;INSTITUTION_MATCH_FUZZY;COLLECTION_MATCH_FUZZY"
130.323611,-16.867778,"Corchorus olitorius",2826705872,"Gregory National park, 12km SW of junction of Wickham River and Broadwater Creek.","AUS",10,1996,"PRESERVED_SPECIMEN","COORDINATE_ROUNDED;CONTINENT_DERIVED_FROM_COORDINATES;INSTITUTION_MATCH_FUZZY;COLLECTION_MATCH_FUZZY"
134.641944,-17.639722,"Corchorus olitorius",2826846601,"No. 4 bore, 23km NNE of Mungabroom Homestead (abandoned).","AUS",10,2013,"PRESERVED_SPECIMEN","COORDINATE_ROUNDED;CONTINENT_DERIVED_FROM_COORDINATES;INSTITUTION_MATCH_FUZZY;COLLECTION_MATCH_FUZZY"
129.10654,-15.77141,"Corchorus olitorius",2826903149,"Keep River National Park, on track to Jarmum","AUS",10,2016,"PRESERVED_SPECIMEN","CONTINENT_DERIVED_FROM_COORDINATES;INSTITUTION_MATCH_FUZZY;COLLECTION_MATCH_FUZZY"
136.43689,-13.85634,"Corchorus olitorius",2826845593,"Groote Eylandt, Land and Sea Ranger base","AUS",10,2019,"PRESERVED_SPECIMEN","COORDINATE_ROUNDED;CONTINENT_DERIVED_FROM_COORDINATES;INSTITUTION_MATCH_FUZZY;COLLECTION_MATCH_FUZZY"
137.876019,-19.134353,"Corchorus olitorius",2826859917,"Gallipoli O/S;Alexandria Stn.","AUS",100,2004,"PRESERVED_SPECIMEN","COORDINATE_ROUNDED;CONTINENT_DERIVED_FROM_COORDINATES;INSTITUTION_MATCH_FUZZY;COLLECTION_MATCH_FUZZY"
140.888889,-18.054444,"Corchorus olitorius",2826687772,"E of the Burke Development Road, c. 45km S of Normanton.","AUS",10,2006,"PRESERVED_SPECIMEN","COORDINATE_ROUNDED;CONTINENT_DERIVED_FROM_COORDINATES;INSTITUTION_MATCH_FUZZY;COLLECTION_MATCH_FUZZY"
129.381112,-15.052521,"Corchorus olitorius",2826797628,"Legune Station, Barramundi Dam.","AUS",NA,1994,"PRESERVED_SPECIMEN","COORDINATE_ROUNDED;CONTINENT_DERIVED_FROM_COORDINATES;INSTITUTION_MATCH_FUZZY;COLLECTION_MATCH_FUZZY"
137.090556,-18.820833,"Corchorus olitorius",2826770385,"cattle yards, c. 3 km S of homestead, Mittebah Station","AUS",10,2014,"PRESERVED_SPECIMEN","COORDINATE_ROUNDED;CONTINENT_DERIVED_FROM_COORDINATES;INSTITUTION_MATCH_FUZZY;COLLECTION_MATCH_FUZZY"
140.804444,-18.326389,"Corchorus olitorius",2826705180,"73.1km by road south west of Burke and Gulf Development Roads junction near Normanton.","AUS",10,2010,"PRESERVED_SPECIMEN","CONTINENT_DERIVED_FROM_COORDINATES;INSTITUTION_MATCH_FUZZY;COLLECTION_MATCH_FUZZY"
133.51857,-17.60606,"Corchorus olitorius",2826851545,"Site LR 14, 6.3 km SW of Elliot, Longreach Waterhole Protected area, NT.","AUS",100,2017,"PRESERVED_SPECIMEN","COORDINATE_ROUNDED;CONTINENT_DERIVED_FROM_COORDINATES;INSTITUTION_MATCH_FUZZY;COLLECTION_MATCH_FUZZY"
133.086058,-14.909712,"Corchorus olitorius",2826968889,"Mataranka; Bitter Springs.","AUS",NA,1994,"PRESERVED_SPECIMEN","COORDINATE_ROUNDED;CONTINENT_DERIVED_FROM_COORDINATES;INSTITUTION_MATCH_FUZZY;COLLECTION_MATCH_FUZZY"
134.1147,-18.0581,"Corchorus olitorius",2826679756,"Monmoona Waterhole;50km NNE of Helen Springs Hmsd.","AUS",100,2006,"PRESERVED_SPECIMEN","CONTINENT_DERIVED_FROM_COORDINATES;INSTITUTION_MATCH_FUZZY;COLLECTION_MATCH_FUZZY"
133.423842,-17.283044,"Corchorus olitorius",2826930544,"Newcastle Waters Station, 10km N of Homestead, 32km NNW of Elliot.","AUS",10,2014,"PRESERVED_SPECIMEN","COORDINATE_ROUNDED;CONTINENT_DERIVED_FROM_COORDINATES;INSTITUTION_MATCH_FUZZY;COLLECTION_MATCH_FUZZY"
125.608635,6.409639,"Corchorus olitorius",3958687280,"","PHL",NA,2021,"HUMAN_OBSERVATION","COORDINATE_ROUNDED;COUNTRY_DERIVED_FROM_COORDINATES;CONTINENT_DERIVED_FROM_COORDINATES"
144.525278,-21.474167,"Corchorus olitorius",2418491558,"Jireena station, 98km SW of Torrens Creek (DEU site 584).","AUS",100,2005,"PRESERVED_SPECIMEN","CONTINENT_DERIVED_FROM_COORDINATES;INSTITUTION_MATCH_FUZZY;COLLECTION_MATCH_NONE"
151.959409,-26.256749,"Corchorus olitorius",2418680847,"Murgon.","AUS",2000,1971,"PRESERVED_SPECIMEN","COORDINATE_ROUNDED;CONTINENT_DERIVED_FROM_COORDINATES;INSTITUTION_MATCH_FUZZY;COLLECTION_MATCH_NONE"
140.865278,-17.894444,"Corchorus olitorius",2418755396,"13km SSW of Magowra Homestead (site 176).","AUS",100,2002,"PRESERVED_SPECIMEN","CONTINENT_DERIVED_FROM_COORDINATES;INSTITUTION_MATCH_FUZZY;COLLECTION_MATCH_NONE"
138.172222,-20.043611,"Corchorus olitorius",2418646052,"Nowranie Waterhole, Camooweal Caves National Park.","AUS",100,2010,"PRESERVED_SPECIMEN","CONTINENT_DERIVED_FROM_COORDINATES;INSTITUTION_MATCH_FUZZY;COLLECTION_MATCH_NONE"
141.684608,-14.965271,"Corchorus olitorius",2418648126,"Site 2, Edward River, Gulf of Carpentaria.","AUS",100,1990,"PRESERVED_SPECIMEN","COORDINATE_ROUNDED;CONTINENT_DERIVED_FROM_COORDINATES;INSTITUTION_MATCH_FUZZY;COLLECTION_MATCH_NONE"
140.717722,-20.432083,"Corchorus olitorius",2418788758,"Ernest Henry Mine, about 35km N of Cloncurry.","AUS",100,2005,"PRESERVED_SPECIMEN","CONTINENT_DERIVED_FROM_COORDINATES;INSTITUTION_MATCH_FUZZY;COLLECTION_MATCH_NONE"
143.307778,-15.114611,"Corchorus olitorius",2418504931,"400m W of Dixie homestead.","AUS",100,2014,"PRESERVED_SPECIMEN","COORDINATE_ROUNDED;CONTINENT_DERIVED_FROM_COORDINATES;INSTITUTION_MATCH_FUZZY;COLLECTION_MATCH_NONE"
140.731111,-19.5225,"Corchorus olitorius",2418495411,"56.2km by road towards Julia Creek from junction with Burke Development Road.","AUS",100,2005,"PRESERVED_SPECIMEN","CONTINENT_DERIVED_FROM_COORDINATES;INSTITUTION_MATCH_FUZZY;COLLECTION_MATCH_NONE"
147.759428,-20.090111,"Corchorus olitorius",2418735845,"13M S of Guthalungra near Bowen.","AUS",2000,1971,"PRESERVED_SPECIMEN","COORDINATE_ROUNDED;CONTINENT_DERIVED_FROM_COORDINATES;INSTITUTION_MATCH_FUZZY;COLLECTION_MATCH_NONE"
138.835,-22.970167,"Corchorus olitorius",2418736995,"59km by road NNE of Cravens Peak homestead on road to Boulia.","AUS",100,2007,"PRESERVED_SPECIMEN","COORDINATE_ROUNDED;CONTINENT_DERIVED_FROM_COORDINATES;INSTITUTION_MATCH_FUZZY;COLLECTION_MATCH_NONE"
141.430044,-17.176544,"Corchorus olitorius",2418996747,"Track about 15.8km SSE of Lotus Vale ( site 102).","AUS",100,2001,"PRESERVED_SPECIMEN","COORDINATE_ROUNDED;CONTINENT_DERIVED_FROM_COORDINATES;INSTITUTION_MATCH_FUZZY;COLLECTION_MATCH_NONE"
152.426077,-27.256743,"Corchorus olitorius",2418912960,"Esk.","AUS",2000,1971,"PRESERVED_SPECIMEN","COORDINATE_ROUNDED;CONTINENT_DERIVED_FROM_COORDINATES;INSTITUTION_MATCH_FUZZY;COLLECTION_MATCH_NONE"
140.364444,-19.265833,"Corchorus olitorius",2418572452,"Just S of roadhouse on Burke Development Road, 30km W of Wurung Station.","AUS",100,2005,"PRESERVED_SPECIMEN","COORDINATE_ROUNDED;CONTINENT_DERIVED_FROM_COORDINATES;INSTITUTION_MATCH_FUZZY;COLLECTION_MATCH_NONE"
148.129144,-20.11872,"Corchorus olitorius",2418550935,"Bowen - Collinsville road, c. 20km south west of Bowen.","AUS",100,2006,"PRESERVED_SPECIMEN","COORDINATE_ROUNDED;CONTINENT_DERIVED_FROM_COORDINATES;INSTITUTION_MATCH_FUZZY;COLLECTION_MATCH_NONE"
142.308333,-20.32,"Corchorus olitorius",2418629406,"Kilterry, N of Richmond.","AUS",100,2009,"PRESERVED_SPECIMEN","COORDINATE_ROUNDED;CONTINENT_DERIVED_FROM_COORDINATES;INSTITUTION_MATCH_FUZZY;COLLECTION_MATCH_NONE"
145.692858,-28.57345,"Corchorus olitorius",2418644221,"Warrego River crossing 'Gerah Plains'.","AUS",2000,1977,"PRESERVED_SPECIMEN","COORDINATE_ROUNDED;CONTINENT_DERIVED_FROM_COORDINATES;INSTITUTION_MATCH_FUZZY;COLLECTION_MATCH_NONE"
37.655792,-6.848592,"Corchorus olitorius",3956623861,"","TZA",12,2022,"HUMAN_OBSERVATION","COORDINATE_ROUNDED;COUNTRY_DERIVED_FROM_COORDINATES;CONTINENT_DERIVED_FROM_COORDINATES"
118.734461,9.791772,"Corchorus olitorius",3953499759,"","PHL",NA,2020,"HUMAN_OBSERVATION","COORDINATE_ROUNDED;COUNTRY_DERIVED_FROM_COORDINATES;CONTINENT_DERIVED_FROM_COORDINATES"
1.497783,9.780168,"Corchorus olitorius",3311199918,"Kpalampangou","BEN",NA,2018,"HUMAN_OBSERVATION","COORDINATE_ROUNDED;GEODETIC_DATUM_ASSUMED_WGS84"
1.853139,9.84715,"Corchorus olitorius",3311200082,"Gangamou","BEN",NA,2018,"HUMAN_OBSERVATION","RECORDED_DATE_INVALID;COORDINATE_ROUNDED;GEODETIC_DATUM_ASSUMED_WGS84"
1.907577,9.531497,"Corchorus olitorius",3311201528,"Tepredjissi","BEN",NA,2018,"HUMAN_OBSERVATION","RECORDED_DATE_INVALID;COORDINATE_ROUNDED;GEODETIC_DATUM_ASSUMED_WGS84"
1.778456,9.890291,"Corchorus olitorius",3311201708,"Kolokonde","BEN",NA,2018,"HUMAN_OBSERVATION","COORDINATE_ROUNDED;GEODETIC_DATUM_ASSUMED_WGS84"
1.529176,9.908308,"Corchorus olitorius",3311201739,"Kataban","BEN",NA,2018,"HUMAN_OBSERVATION","RECORDED_DATE_INVALID;COORDINATE_ROUNDED;GEODETIC_DATUM_ASSUMED_WGS84"
1.917612,9.418652,"Corchorus olitorius",3311203007,"Dabogou","BEN",NA,2018,"HUMAN_OBSERVATION","RECORDED_DATE_INVALID;COORDINATE_ROUNDED;GEODETIC_DATUM_ASSUMED_WGS84"
1.818249,9.567559,"Corchorus olitorius",3311203196,"Vanhoui","BEN",NA,2018,"HUMAN_OBSERVATION","RECORDED_DATE_INVALID;COORDINATE_ROUNDED;GEODETIC_DATUM_ASSUMED_WGS84"
30.369492,-23.585879,"Corchorus olitorius",3773778161,"","ZAF",2890,2022,"HUMAN_OBSERVATION","COORDINATE_ROUNDED;CONTINENT_DERIVED_FROM_COORDINATES"
-106.842728,23.774349,"Corchorus olitorius",1668808784,"","MEX",488,2017,"HUMAN_OBSERVATION","COORDINATE_ROUNDED;CONTINENT_DERIVED_FROM_COORDINATES"
2.4549,6.9158,"Corchorus olitorius",3001001652,"Sak�t�","BEN",NA,2013,"HUMAN_OBSERVATION","GEODETIC_DATUM_ASSUMED_WGS84"
2.4781,7.7236,"Corchorus olitorius",3001001655,"Sav�","BEN",NA,2013,"HUMAN_OBSERVATION","GEODETIC_DATUM_ASSUMED_WGS84"
2.4168,7.4281,"Corchorus olitorius",3001001644,"Zagnanado","BEN",NA,2013,"HUMAN_OBSERVATION","GEODETIC_DATUM_ASSUMED_WGS84"
2.6586,6.8297,"Corchorus olitorius",3001001950,"Sak�t�","BEN",NA,2013,"HUMAN_OBSERVATION","GEODETIC_DATUM_ASSUMED_WGS84"
2.5079,6.5732,"Corchorus olitorius",3001028763,"Dangbo","BEN",NA,2015,"HUMAN_OBSERVATION","GEODETIC_DATUM_ASSUMED_WGS84"
56.325,25.106,"Corchorus olitorius",2570394504,"Fujairah","ARE",111,2002,"PRESERVED_SPECIMEN",""
29.333333,-3.216667,"Corchorus olitorius",1840444392,"Prov. Bubanza, plaine Rusizi km18 projet IMBO","BDI",NA,1979,"PRESERVED_SPECIMEN","GEODETIC_DATUM_ASSUMED_WGS84;CONTINENT_DERIVED_FROM_COORDINATES;INSTITUTION_MATCH_FUZZY;COLLECTION_MATCH_FUZZY"
124.890556,-18.086389,"Corchorus olitorius",2854113678,"Camballin Agricultural Block, between Derby and Fitzroy Crossing","AUS",3000,1967,"PRESERVED_SPECIMEN","COORDINATE_ROUNDED;CONTINENT_DERIVED_FROM_COORDINATES;INSTITUTION_MATCH_FUZZY;COLLECTION_MATCH_FUZZY"
128.676667,-15.274444,"Corchorus olitorius",2854131810,"Nimbing Ranges, N of Kununurra,","AUS",NA,1996,"PRESERVED_SPECIMEN","COORDINATE_ROUNDED;CONTINENT_DERIVED_FROM_COORDINATES;INSTITUTION_MATCH_FUZZY;COLLECTION_MATCH_FUZZY"
37.4,-0.35,"Corchorus olitorius",3049175727,"Embu, Mwea National Reserve.","KEN",NA,1998,"PRESERVED_SPECIMEN","INSTITUTION_MATCH_FUZZY;COLLECTION_MATCH_NONE"
38.03,0.12,"Corchorus olitorius",3017826612,"Meru National Park, Rogweru R., Kenmare ford, Rainfall.","KEN",NA,1972,"PRESERVED_SPECIMEN","INSTITUTION_MATCH_FUZZY;COLLECTION_MATCH_NONE"
26.711524,64.581546,"Corchorus olitorius",3733580852,"Nuojua, metsähallituksen taimitarha","FIN",100,1988,"PRESERVED_SPECIMEN","CONTINENT_DERIVED_FROM_COORDINATES"
102.835218,23.219942,"Corchorus olitorius",919608765,"南沙至红河桥","CHN",NA,1973,"PRESERVED_SPECIMEN","COORDINATE_ROUNDED;GEODETIC_DATUM_ASSUMED_WGS84;CONTINENT_DERIVED_FROM_COORDINATES;INSTITUTION_MATCH_FUZZY;COLLECTION_MATCH_NONE"
