"lon","lat","species","gbifID","locality","countryCode","coordinateUncertaintyInMeters","year","basisOfRecord","issue"
152.8872,-31.44221,"Hydrocharis laevigata",3128850303,"CULTIVATED Fern Valley Parade, Port Macquarie.","AUS",NA,2019,"PRESERVED_SPECIMEN","CONTINENT_DERIVED_FROM_COORDINATES;INSTITUTION_MATCH_FUZZY;COLLECTION_MATCH_FUZZY"
-86.05,12.61666,"Hydrocharis laevigata",4061006361,"Puertas Viejas [as Casas Viejas], Km 73 on Route 1; bog [Seymour series]","NIC",NA,1968,"PRESERVED_SPECIMEN","GEODETIC_DATUM_ASSUMED_WGS84;INSTITUTION_MATCH_NONE"
-58.010694,-16.145556,"Hydrocharis laevigata",1135076801,"Porto Limão","BRA",NA,2004,"PRESERVED_SPECIMEN","GEODETIC_DATUM_ASSUMED_WGS84;CONTINENT_DERIVED_FROM_COORDINATES;CONTINENT_INVALID;INSTITUTION_MATCH_FUZZY;INSTITUTION_COLLECTION_MISMATCH"
-39.1,-12.216667,"Hydrocharis laevigata",2998698781,"Lagoa 3","BRA",NA,1996,"PRESERVED_SPECIMEN","COORDINATE_ROUNDED;GEODETIC_DATUM_ASSUMED_WGS84;CONTINENT_DERIVED_FROM_COORDINATES;INSTITUTION_MATCH_FUZZY;COLLECTION_MATCH_FUZZY"
-57.688055,-21.701111,"Hydrocharis laevigata",2237733814,"Fazenda Agro Comercial Aubi (ex-São Roque).","BRA",NA,2007,"PRESERVED_SPECIMEN","COORDINATE_ROUNDED;GEODETIC_DATUM_ASSUMED_WGS84;CONTINENT_DERIVED_FROM_COORDINATES;INSTITUTION_MATCH_FUZZY;INSTITUTION_COLLECTION_MISMATCH"
-56.65,-18.983333,"Hydrocharis laevigata",2237754626,"Fazenda Nhumirim, sub-região da Nhecolândia, Pantanal.","BRA",NA,1998,"PRESERVED_SPECIMEN","COORDINATE_ROUNDED;GEODETIC_DATUM_ASSUMED_WGS84;CONTINENT_DERIVED_FROM_COORDINATES;INSTITUTION_MATCH_FUZZY;INSTITUTION_COLLECTION_MISMATCH"
-57.666667,-18.833333,"Hydrocharis laevigata",2237752945,"Baía do Tuiuiú, Rio Paraguai, Pantanal.","BRA",NA,1992,"PRESERVED_SPECIMEN","COORDINATE_ROUNDED;GEODETIC_DATUM_ASSUMED_WGS84;CONTINENT_DERIVED_FROM_COORDINATES;INSTITUTION_MATCH_FUZZY;INSTITUTION_COLLECTION_MISMATCH"
-55.864444,-20.301389,"Hydrocharis laevigata",2451462768,"Baía Grande - Estância Pôr-do-Sol.","BRA",NA,2012,"PRESERVED_SPECIMEN","COORDINATE_ROUNDED;GEODETIC_DATUM_ASSUMED_WGS84;CONTINENT_DERIVED_FROM_COORDINATES;INSTITUTION_MATCH_FUZZY;INSTITUTION_COLLECTION_MISMATCH"
-57.601667,-19.393889,"Hydrocharis laevigata",2273339125,"Estrada inacabada para Forte Coimbra (MS-454), 9 Km da BR-262.","BRA",NA,2007,"PRESERVED_SPECIMEN","COORDINATE_ROUNDED;GEODETIC_DATUM_ASSUMED_WGS84;CONTINENT_DERIVED_FROM_COORDINATES;INSTITUTION_MATCH_FUZZY;INSTITUTION_COLLECTION_MISMATCH"
-57.983333,-19.946111,"Hydrocharis laevigata",2612207111,"Forte coimbra.","BRA",NA,2013,"PRESERVED_SPECIMEN","COORDINATE_ROUNDED;GEODETIC_DATUM_ASSUMED_WGS84;CONTINENT_DERIVED_FROM_COORDINATES;INSTITUTION_MATCH_FUZZY;INSTITUTION_COLLECTION_MISMATCH"
-57.042778,-19.398333,"Hydrocharis laevigata",2237761015,"Fazenda São João - Estrada Parque Sub-região Abobral.","BRA",NA,2014,"PRESERVED_SPECIMEN","COORDINATE_ROUNDED;GEODETIC_DATUM_ASSUMED_WGS84;CONTINENT_DERIVED_FROM_COORDINATES;INSTITUTION_MATCH_FUZZY;INSTITUTION_COLLECTION_MISMATCH"
-57.039167,-19.576944,"Hydrocharis laevigata",2451457638,"Estrada Parque Pantanal MS.","BRA",NA,2007,"PRESERVED_SPECIMEN","COORDINATE_ROUNDED;GEODETIC_DATUM_ASSUMED_WGS84;CONTINENT_DERIVED_FROM_COORDINATES;INSTITUTION_MATCH_FUZZY;INSTITUTION_COLLECTION_MISMATCH"
-57.421667,-19.461111,"Hydrocharis laevigata",2237741803,"Próximo a BR-262.","BRA",NA,2011,"PRESERVED_SPECIMEN","COORDINATE_ROUNDED;GEODETIC_DATUM_ASSUMED_WGS84;CONTINENT_DERIVED_FROM_COORDINATES;INSTITUTION_MATCH_FUZZY;INSTITUTION_COLLECTION_MISMATCH"
-57.493611,-18.049444,"Hydrocharis laevigata",2273334335,"Ponto entre o morro (Área da ECOA) e-baía do Taquaral e o desaguadouro da boca do Magalães - próximo à Comunidade do Amolar.","BRA",NA,2004,"PRESERVED_SPECIMEN","COORDINATE_ROUNDED;GEODETIC_DATUM_ASSUMED_WGS84;CONTINENT_DERIVED_FROM_COORDINATES;INSTITUTION_MATCH_FUZZY;INSTITUTION_COLLECTION_MISMATCH"
-53.720278,-23.134444,"Hydrocharis laevigata",2575923877,"Parque de Naviraí. canal do mirim. Parque Natural Municipal de Naviraí.","BRA",NA,2019,"PRESERVED_SPECIMEN","COORDINATE_ROUNDED;GEODETIC_DATUM_ASSUMED_WGS84;CONTINENT_DERIVED_FROM_COORDINATES;INSTITUTION_MATCH_FUZZY;INSTITUTION_COLLECTION_MISMATCH"
-56.671111,-19.499167,"Hydrocharis laevigata",2612210605,"Fazenda Redenção, Retiro Carandá Preto, 3 km da sede do Retiro e 12 km sudeste da sede do Parque Estadual do Rio Negro (ex Faz Esperança).","BRA",NA,2006,"PRESERVED_SPECIMEN","COORDINATE_ROUNDED;GEODETIC_DATUM_ASSUMED_WGS84;CONTINENT_DERIVED_FROM_COORDINATES;INSTITUTION_MATCH_FUZZY;INSTITUTION_COLLECTION_MISMATCH"
-57.343333,-17.720278,"Hydrocharis laevigata",2273338423,"Rio Caracará.","BRA",NA,2001,"PRESERVED_SPECIMEN","COORDINATE_ROUNDED;GEODETIC_DATUM_ASSUMED_WGS84;CONTINENT_DERIVED_FROM_COORDINATES;INSTITUTION_MATCH_FUZZY;INSTITUTION_COLLECTION_MISMATCH"
-57.402778,-17.842222,"Hydrocharis laevigata",2237758967,"Parque Nacional do Pantanal (atrás da sede).","BRA",NA,2001,"PRESERVED_SPECIMEN","COORDINATE_ROUNDED;GEODETIC_DATUM_ASSUMED_WGS84;CONTINENT_DERIVED_FROM_COORDINATES;INSTITUTION_MATCH_FUZZY;INSTITUTION_COLLECTION_MISMATCH"
-57.460833,-18.499444,"Hydrocharis laevigata",2612210845,"Baía Vermelha - Pantanal do Paraguai.","BRA",NA,2009,"PRESERVED_SPECIMEN","COORDINATE_ROUNDED;GEODETIC_DATUM_ASSUMED_WGS84;CONTINENT_DERIVED_FROM_COORDINATES;INSTITUTION_MATCH_FUZZY;INSTITUTION_COLLECTION_MISMATCH"
-56.968889,-19.620278,"Hydrocharis laevigata",2237762451,"","BRA",NA,2005,"PRESERVED_SPECIMEN","COORDINATE_ROUNDED;GEODETIC_DATUM_ASSUMED_WGS84;CONTINENT_DERIVED_FROM_COORDINATES;INSTITUTION_MATCH_FUZZY;INSTITUTION_COLLECTION_MISMATCH"
-57.883333,-21.702222,"Hydrocharis laevigata",2237742001,"Bacia do Rio Paraguai.","BRA",NA,2010,"PRESERVED_SPECIMEN","COORDINATE_ROUNDED;GEODETIC_DATUM_ASSUMED_WGS84;CONTINENT_DERIVED_FROM_COORDINATES;INSTITUTION_MATCH_FUZZY;INSTITUTION_COLLECTION_MISMATCH"
-57.279167,-18.193055,"Hydrocharis laevigata",2237733111,"Fazenda São Pedro, Baía São Pedro/Corixo São Jorge.","BRA",NA,2008,"PRESERVED_SPECIMEN","COORDINATE_ROUNDED;GEODETIC_DATUM_ASSUMED_WGS84;CONTINENT_DERIVED_FROM_COORDINATES;INSTITUTION_MATCH_FUZZY;INSTITUTION_COLLECTION_MISMATCH"
-60.034917,-3.210667,"Hydrocharis laevigata",3887779315,"Iranduba, Lago Janauari","BRA",NA,2018,"PRESERVED_SPECIMEN","GEODETIC_DATUM_ASSUMED_WGS84;CONTINENT_DERIVED_FROM_COORDINATES;DIFFERENT_OWNER_INSTITUTION"
-41.523972,-21.7595,"Hydrocharis laevigata",2451455822,"","BRA",NA,2014,"PRESERVED_SPECIMEN","GEODETIC_DATUM_ASSUMED_WGS84;CONTINENT_DERIVED_FROM_COORDINATES;DIFFERENT_OWNER_INSTITUTION"
145.578333,-17.268333,"Hydrocharis laevigata",2827369194,"Williams weir, Peterson Creek, Yungaburra.","AUS",1000,2019,"PRESERVED_SPECIMEN","CONTINENT_DERIVED_FROM_COORDINATES;INSTITUTION_MATCH_FUZZY;COLLECTION_MATCH_FUZZY"
145.639444,-16.831389,"Hydrocharis laevigata",3749151318,"On Barron River at Kuranda Weir, 1 km from the town of Kuranda.","AUS",50,2021,"PRESERVED_SPECIMEN","CONTINENT_DERIVED_FROM_COORDINATES;INSTITUTION_MATCH_FUZZY;COLLECTION_MATCH_FUZZY"
-60.905,-13.59805,"Hydrocharis laevigata",4031843029,"Parque Nacional Noel Kempff Mercado. Lago Caimán, sistema que recibe agua del Río Itenez, con poca agua en tiempo seco.","BOL",NA,1996,"PRESERVED_SPECIMEN","OCCURRENCE_STATUS_INFERRED_FROM_INDIVIDUAL_COUNT;GEODETIC_DATUM_ASSUMED_WGS84;INSTITUTION_MATCH_FUZZY;COLLECTION_MATCH_NONE"
-57.85,-18.888611,"Hydrocharis laevigata",1264719167,"Laguna Cáceras, below the town of Puerto Suarez.","BOL",NA,1997,"PRESERVED_SPECIMEN","OCCURRENCE_STATUS_INFERRED_FROM_INDIVIDUAL_COUNT;COORDINATE_ROUNDED;GEODETIC_DATUM_ASSUMED_WGS84;INSTITUTION_MATCH_FUZZY;COLLECTION_MATCH_NONE"
-124.201063,40.699883,"Hydrocharis laevigata",3963217113,"","USA",5,2022,"HUMAN_OBSERVATION","COORDINATE_ROUNDED;CONTINENT_DERIVED_FROM_COORDINATES"
-61.747779,-23.245568,"Hydrocharis laevigata",4028624649,"","ARG",488,2022,"HUMAN_OBSERVATION","COORDINATE_ROUNDED;CONTINENT_DERIVED_FROM_COORDINATES"
-58.009379,-28.011261,"Hydrocharis laevigata",3302184336,"","ARG",217,2016,"HUMAN_OBSERVATION","COORDINATE_ROUNDED;CONTINENT_DERIVED_FROM_COORDINATES"
-121.615837,37.977147,"Hydrocharis laevigata",3328137603,"","USA",3,2021,"HUMAN_OBSERVATION","COORDINATE_ROUNDED;CONTINENT_DERIVED_FROM_COORDINATES"
29.106825,-15.856828,"Hydrocharis laevigata",4009678611,"","ZWE",NA,2022,"HUMAN_OBSERVATION","COORDINATE_ROUNDED;CONTINENT_DERIVED_FROM_COORDINATES"
-99.439348,19.216442,"Hydrocharis laevigata",2868150182,"","MEX",NA,2019,"HUMAN_OBSERVATION","COORDINATE_ROUNDED;CONTINENT_DERIVED_FROM_COORDINATES"
-65.481488,-24.108485,"Hydrocharis laevigata",3456833282,"","ARG",244,2016,"HUMAN_OBSERVATION","COORDINATE_ROUNDED;CONTINENT_DERIVED_FROM_COORDINATES"
28.918981,-15.957547,"Hydrocharis laevigata",3994114735,"","ZWE",NA,2022,"HUMAN_OBSERVATION","COORDINATE_ROUNDED;CONTINENT_DERIVED_FROM_COORDINATES"
-101.789482,19.826954,"Hydrocharis laevigata",2465186445,"","MEX",NA,2019,"HUMAN_OBSERVATION","COORDINATE_ROUNDED;CONTINENT_DERIVED_FROM_COORDINATES"
-56.807991,-29.465557,"Hydrocharis laevigata",3333280059,"","ARG",NA,2021,"HUMAN_OBSERVATION","COORDINATE_ROUNDED;CONTINENT_DERIVED_FROM_COORDINATES"
-62.127967,-38.048068,"Hydrocharis laevigata",3925023910,"","ARG",NA,2022,"HUMAN_OBSERVATION","COORDINATE_ROUNDED;CONTINENT_DERIVED_FROM_COORDINATES"
145.750042,-16.902961,"Hydrocharis laevigata",3903035651,"","AUS",NA,2022,"HUMAN_OBSERVATION","COORDINATE_ROUNDED;CONTINENT_DERIVED_FROM_COORDINATES"
-99.502365,19.297835,"Hydrocharis laevigata",3923399600,"","MEX",NA,2022,"HUMAN_OBSERVATION","CONTINENT_DERIVED_FROM_COORDINATES"
-60.823074,-31.759558,"Hydrocharis laevigata",4011713082,"","ARG",176,2022,"HUMAN_OBSERVATION","COORDINATE_ROUNDED;CONTINENT_DERIVED_FROM_COORDINATES"
28.877883,-16.026512,"Hydrocharis laevigata",3985994938,"","ZWE",4,2022,"HUMAN_OBSERVATION","COORDINATE_ROUNDED;CONTINENT_DERIVED_FROM_COORDINATES"
-121.487672,37.892372,"Hydrocharis laevigata",3343702575,"","USA",4,2021,"HUMAN_OBSERVATION","COORDINATE_ROUNDED;CONTINENT_DERIVED_FROM_COORDINATES"
-58.804558,-33.500718,"Hydrocharis laevigata",2611058697,"","ARG",1498,2019,"HUMAN_OBSERVATION","COORDINATE_ROUNDED;CONTINENT_DERIVED_FROM_COORDINATES"
-99.492925,19.154843,"Hydrocharis laevigata",3032096051,"","MEX",7,2019,"HUMAN_OBSERVATION","COORDINATE_ROUNDED;CONTINENT_DERIVED_FROM_COORDINATES"
-71.694423,-35.433661,"Hydrocharis laevigata",4018191870,"","CHL",177,2022,"HUMAN_OBSERVATION","COORDINATE_ROUNDED;CONTINENT_DERIVED_FROM_COORDINATES"
-52.138405,-32.135372,"Hydrocharis laevigata",4067623721,"","BRA",NA,2020,"HUMAN_OBSERVATION","COORDINATE_ROUNDED;CONTINENT_DERIVED_FROM_COORDINATES"
-58.713284,-33.490925,"Hydrocharis laevigata",3456416914,"","ARG",4741,2021,"HUMAN_OBSERVATION","COORDINATE_ROUNDED;CONTINENT_DERIVED_FROM_COORDINATES"
-101.274292,19.645473,"Hydrocharis laevigata",3113498490,"","MEX",NA,2021,"HUMAN_OBSERVATION","COORDINATE_ROUNDED;CONTINENT_DERIVED_FROM_COORDINATES"
-122.253021,40.461933,"Hydrocharis laevigata",3902031329,"","USA",NA,2019,"HUMAN_OBSERVATION","COORDINATE_ROUNDED;CONTINENT_DERIVED_FROM_COORDINATES"
-40.291389,-10.768472,"Hydrocharis laevigata",1563168979,"","BRA",NA,2014,"PRESERVED_SPECIMEN","GEODETIC_DATUM_ASSUMED_WGS84;CONTINENT_DERIVED_FROM_COORDINATES;INSTITUTION_MATCH_NONE"
-74.88491,5.02477,"Hydrocharis laevigata",3894060493,"Casco Urbano, Humedal El Suizo","COL",NA,2019,"HUMAN_OBSERVATION",""
-49.295111,-25.688528,"Hydrocharis laevigata",1090156006,"Passo Amarelo","BRA",NA,2001,"PRESERVED_SPECIMEN","GEODETIC_DATUM_ASSUMED_WGS84;CONTINENT_DERIVED_FROM_COORDINATES;INSTITUTION_MATCH_NONE"
-122.367439,40.507562,"Hydrocharis laevigata",3912197594,"","USA",NA,2022,"HUMAN_OBSERVATION","COORDINATE_ROUNDED;CONTINENT_DERIVED_FROM_COORDINATES"
-60.43,-3.755278,"Hydrocharis laevigata",1042541922,"Lago do Castanho, Lago do Castanho.","BRA",NA,1974,"PRESERVED_SPECIMEN","GEODETIC_DATUM_ASSUMED_WGS84;GEODETIC_DATUM_INVALID;ELEVATION_MIN_MAX_SWAPPED;INSTITUTION_MATCH_NONE"
-60.28,-3.466667,"Hydrocharis laevigata",1042574888,"Rio Solimões. Paraná do Mamuri. Near Lago Janaucá","BRA",NA,1991,"PRESERVED_SPECIMEN","GEODETIC_DATUM_ASSUMED_WGS84;GEODETIC_DATUM_INVALID;INSTITUTION_MATCH_NONE"
-70.984283,6.81315,"Hydrocharis laevigata",1570684731,"Vereda La Pastora, predio La Barquereña","COL",31,2013,"PRESERVED_SPECIMEN","COORDINATE_ROUNDED;INSTITUTION_MATCH_FUZZY;COLLECTION_MATCH_FUZZY"
-67.408056,-8.637222,"Hydrocharis laevigata",4037829418,"Lago Bom Lugar, Presa ao banco de macrófitas próximo a magem do lago","BRA",NA,2017,"PRESERVED_SPECIMEN","GEODETIC_DATUM_ASSUMED_WGS84;CONTINENT_DERIVED_FROM_COORDINATES;INSTITUTION_MATCH_NONE"
-70.455556,-3.795278,"Hydrocharis laevigata",1930478616,"Sector de lagos de Tarapoto, quebrada Tarapebasu.","COL",NA,2010,"PRESERVED_SPECIMEN","COORDINATE_ROUNDED;GEODETIC_DATUM_ASSUMED_WGS84;COLLECTION_MATCH_FUZZY"
145.719722,-16.806667,"Hydrocharis laevigata",2828759478,"Yorkeys Knob. Half Moon Bay Golf Course, adjacent to northern end of Cunningham St.","AUS",50,2013,"PRESERVED_SPECIMEN","CONTINENT_DERIVED_FROM_COORDINATES;INSTITUTION_MATCH_FUZZY;COLLECTION_MATCH_FUZZY"
152.943303,-26.56017,"Hydrocharis laevigata",3947209898,"","AUS",NA,2022,"HUMAN_OBSERVATION","COORDINATE_ROUNDED;CONTINENT_DERIVED_FROM_COORDINATES"
-36.734831,-10.685247,"Hydrocharis laevigata",1265915317,"trecho do rio Marituba, próximo a Ponta da Terra.","BRA",NA,1987,"PRESERVED_SPECIMEN","GEODETIC_DATUM_ASSUMED_WGS84;CONTINENT_DERIVED_FROM_COORDINATES;DIFFERENT_OWNER_INSTITUTION"
-61.76935,16.06755,"Hydrocharis laevigata",3992530141,"","GLP",NA,2016,"HUMAN_OBSERVATION","COUNTRY_MISMATCH;CONTINENT_DERIVED_FROM_COORDINATES"
31.787239,-13.079717,"Hydrocharis laevigata",3947528550,"","ZMB",NA,2022,"HUMAN_OBSERVATION","COORDINATE_ROUNDED;CONTINENT_DERIVED_FROM_COORDINATES"
-74.260465,4.573362,"Hydrocharis laevigata",2626630733,"","COL",9,2020,"HUMAN_OBSERVATION","COORDINATE_ROUNDED;CONTINENT_DERIVED_FROM_COORDINATES"
-39.031667,-15.708056,"Hydrocharis laevigata",1090480759,"Entrada ca. 2,5Km da sede municipal. Estrada para a Região do Cubículo, ao S do município, ca. 10Km.","BRA",NA,2000,"PRESERVED_SPECIMEN","GEODETIC_DATUM_ASSUMED_WGS84;CONTINENT_DERIVED_FROM_COORDINATES;INSTITUTION_MATCH_NONE"
-122.090992,37.088677,"Hydrocharis laevigata",2459161375,"Mill Street Park","USA",NA,2000,"PRESERVED_SPECIMEN","CONTINENT_DERIVED_FROM_COORDINATES;INSTITUTION_MATCH_FUZZY"
-64.866667,-14.866667,"Hydrocharis laevigata",1264719012,"Laguna Suarez, approximately 5 km SE of the city of Trinidad.","BOL",NA,1996,"PRESERVED_SPECIMEN","OCCURRENCE_STATUS_INFERRED_FROM_INDIVIDUAL_COUNT;COORDINATE_ROUNDED;GEODETIC_DATUM_ASSUMED_WGS84;INSTITUTION_MATCH_FUZZY;COLLECTION_MATCH_NONE"
-57.495464,-25.982042,"Hydrocharis laevigata",2294943392,"Estancia Lago Ypoa, 25°58'55.35''S 57°29'43.67''W","PRY",NA,2017,"PRESERVED_SPECIMEN","INSTITUTION_MATCH_FUZZY;INSTITUTION_COLLECTION_MISMATCH"
-111.309248,33.914509,"Hydrocharis laevigata",3091216052,"Kayler Butte Quad: Tonto Creek","USA",NA,1994,"PRESERVED_SPECIMEN","GEODETIC_DATUM_ASSUMED_WGS84;CONTINENT_DERIVED_FROM_COORDINATES;INSTITUTION_MATCH_FUZZY;COLLECTION_MATCH_NONE"
-63.65,-18.13333,"Hydrocharis laevigata",4031693859,"Samaipata. Localidad Bermejo Laguna Volcán (en le camino antiguo a Santa Cruz). Pleustófita, formando communidades densas.","BOL",NA,2001,"PRESERVED_SPECIMEN","GEODETIC_DATUM_ASSUMED_WGS84;INSTITUTION_MATCH_FUZZY;COLLECTION_MATCH_NONE"
-84.73,9.95,"Hydrocharis laevigata",4031933263,"Playas Doña Ana, ca. 2 km from town of Barranca, west side of mouth of Río Barranca, laguna behind beach, water level down from earlier in season to ca. 1 m or less in places","CRI",NA,1984,"PRESERVED_SPECIMEN","GEODETIC_DATUM_ASSUMED_WGS84;INSTITUTION_MATCH_FUZZY;COLLECTION_MATCH_NONE"
-69.28333,-12.81666,"Hydrocharis laevigata",1259012437,"Tambopata Nature Reserve, Lago Tres Chimbadas.","PER",NA,1980,"PRESERVED_SPECIMEN","GEODETIC_DATUM_ASSUMED_WGS84;INSTITUTION_MATCH_FUZZY;COLLECTION_MATCH_NONE"
-61.131667,-14.711944,"Hydrocharis laevigata",4031849085,"Bahía Toledo: a large, complex system formed by the divergence of the Río Paragua.","BOL",NA,1996,"PRESERVED_SPECIMEN","OCCURRENCE_STATUS_INFERRED_FROM_INDIVIDUAL_COUNT;COORDINATE_ROUNDED;GEODETIC_DATUM_ASSUMED_WGS84;INSTITUTION_MATCH_FUZZY;COLLECTION_MATCH_NONE"
-63.166667,-17.65,"Hydrocharis laevigata",1264719066,"A large (ca. 10-15 hectares) wetland complex, across the highway from the international airport.","BOL",NA,1997,"PRESERVED_SPECIMEN","OCCURRENCE_STATUS_INFERRED_FROM_INDIVIDUAL_COUNT;COORDINATE_ROUNDED;GEODETIC_DATUM_ASSUMED_WGS84;INSTITUTION_MATCH_FUZZY;COLLECTION_MATCH_NONE"
-54.663817,5.707217,"Hydrocharis laevigata",3699022878,"Along the East West Road.","SUR",NA,2012,"PRESERVED_SPECIMEN","COORDINATE_ROUNDED"
-67.1119,18.0214,"Hydrocharis laevigata",1320458145,"Llanos, US-FWS Laguna Cartagena Reserve","PRI",NA,2013,"PRESERVED_SPECIMEN","GEODETIC_DATUM_ASSUMED_WGS84"
-84.10174,10.10471,"Hydrocharis laevigata",4062129483,"Faldas de Volcán Barva por Porrosatí, entre Río Ciruelas y Río Porrosatí, vecindad del Vivero Selva Negra.","CRI",NA,2023,"PRESERVED_SPECIMEN","OCCURRENCE_STATUS_INFERRED_FROM_INDIVIDUAL_COUNT;GEODETIC_DATUM_ASSUMED_WGS84;DIFFERENT_OWNER_INSTITUTION"
-57.82388,-18.87638,"Hydrocharis laevigata",1258620362,"Prov. German Busch. Río Pimiento, Isla Tres Bocas, con abundantes Copernicias, lianas, Convolvulaceas.","BOL",NA,1998,"PRESERVED_SPECIMEN","GEODETIC_DATUM_ASSUMED_WGS84;DIFFERENT_OWNER_INSTITUTION"
-79.9,-1.33333,"Hydrocharis laevigata",1259011998,"Hacienda Piedad, Balzar.","ECU",NA,1968,"PRESERVED_SPECIMEN","GEODETIC_DATUM_ASSUMED_WGS84;DIFFERENT_OWNER_INSTITUTION"
-79.7,-1.266667,"Hydrocharis laevigata",4061173321,"Jauneche Forest, Canton Vinces between Mocachi and Palenque on Estero Peñafiel.","ECU",NA,1981,"PRESERVED_SPECIMEN","OCCURRENCE_STATUS_INFERRED_FROM_INDIVIDUAL_COUNT;COORDINATE_ROUNDED;GEODETIC_DATUM_ASSUMED_WGS84;DIFFERENT_OWNER_INSTITUTION"
-79.85,-4.4,"Hydrocharis laevigata",1260025547,"Tambo Negro, road Sozoranga-Macará, 6.6 km from Sabiango. Dry deciduous forest.","ECU",NA,1996,"PRESERVED_SPECIMEN","GEODETIC_DATUM_ASSUMED_WGS84;DIFFERENT_OWNER_INSTITUTION"
-101.448333,19.806667,"Hydrocharis laevigata",1893610990,"LA ALBERCA, PRESA LA MINTZITA, CATORCE KM AL SW DE MORELIA","MEX",80,1986,"PRESERVED_SPECIMEN","TYPE_STATUS_INVALID;OCCURRENCE_STATUS_INFERRED_FROM_INDIVIDUAL_COUNT;COORDINATE_ROUNDED;GEODETIC_DATUM_ASSUMED_WGS84;CONTINENT_DERIVED_FROM_COORDINATES;INSTITUTION_MATCH_NONE"
-74.2758,4.6946,"Hydrocharis laevigata",779871653,"Sabana de Bogotá, laguna de La Herrera","COL",NA,1979,"PRESERVED_SPECIMEN","GEODETIC_DATUM_ASSUMED_WGS84;COORDINATE_PRECISION_INVALID;INSTITUTION_MATCH_NONE"
-75.184319,8.553169,"Hydrocharis laevigata",1931789365,"Las Flores, finca La Rioja","COL",NA,2017,"PRESERVED_SPECIMEN","COORDINATE_ROUNDED;INSTITUTION_MATCH_NONE"
-84.59,9.8,"Hydrocharis laevigata",45434885,"P.N. Carara Along S side of Río Grande de Tárcoles, from carretera costanera to Río Carara.","CRI",NA,1996,"PRESERVED_SPECIMEN","GEODETIC_DATUM_ASSUMED_WGS84;CONTINENT_DERIVED_FROM_COORDINATES;TAXON_MATCH_HIGHERRANK;INSTITUTION_MATCH_NONE"
-85.21,10.63,"Hydrocharis laevigata",45435387,"No protegida Puente sobre el Rio Blanco entre Torno y Fortuna, rumbo al Volcan Miravalles.","CRI",NA,1997,"PRESERVED_SPECIMEN","GEODETIC_DATUM_ASSUMED_WGS84;CONTINENT_DERIVED_FROM_COORDINATES;TAXON_MATCH_HIGHERRANK;INSTITUTION_MATCH_NONE"
-85.34,10.34,"Hydrocharis laevigata",45435357,"P.N. Palo Verde Setor Catalina. Banhado a beira da estrada. Bosque seco; Humedales.","CRI",NA,2003,"PRESERVED_SPECIMEN","GEODETIC_DATUM_ASSUMED_WGS84;CONTINENT_DERIVED_FROM_COORDINATES;TAXON_MATCH_HIGHERRANK;INSTITUTION_MATCH_NONE"
-85.3,10.35,"Hydrocharis laevigata",45435283,"P. N. Palo Verde Laguna Bocana.","CRI",NA,2001,"PRESERVED_SPECIMEN","GEODETIC_DATUM_ASSUMED_WGS84;CONTINENT_DERIVED_FROM_COORDINATES;TAXON_MATCH_HIGHERRANK;INSTITUTION_MATCH_NONE"
-44.895,-2.645556,"Hydrocharis laevigata",1090894543,"","BRA",NA,2007,"PRESERVED_SPECIMEN","GEODETIC_DATUM_ASSUMED_WGS84;CONTINENT_DERIVED_FROM_COORDINATES;INSTITUTION_MATCH_FUZZY;COLLECTION_MATCH_FUZZY"
-64.583611,-31.198611,"Hydrocharis laevigata",2247703369,"A orillas del Río Tercero, poco más arriba de la segunda usina (Central Hidroeléctrica Ing. Cassaffousth)","ARG",NA,1988,"PRESERVED_SPECIMEN","COORDINATE_ROUNDED;INSTITUTION_MATCH_FUZZY;COLLECTION_MATCH_NONE"
-79.25,-2.28333,"Hydrocharis laevigata",1260025290,"Vía Duran- Yaguachi nuevo (km 12)","ECU",NA,1999,"PRESERVED_SPECIMEN","GEODETIC_DATUM_ASSUMED_WGS84;DIFFERENT_OWNER_INSTITUTION"
-57.41666,-25.78333,"Hydrocharis laevigata",1259012243,"Estero del Ypoá, 20 km W of Carapeguá, north of Pacheco. Inundated savanna.","PRY",NA,1990,"PRESERVED_SPECIMEN","OCCURRENCE_STATUS_INFERRED_FROM_INDIVIDUAL_COUNT;GEODETIC_DATUM_ASSUMED_WGS84;DIFFERENT_OWNER_INSTITUTION"
135.99057,33.72575,"Hydrocharis laevigata",3324103520,"Ukijima, ,","JPN",NA,2012,"PRESERVED_SPECIMEN","CONTINENT_DERIVED_FROM_COORDINATES;INSTITUTION_MATCH_FUZZY;INSTITUTION_COLLECTION_MISMATCH"
-64.59568,-31.39163,"Hydrocharis laevigata",3031994563,"","ARG",NA,2020,"HUMAN_OBSERVATION","COORDINATE_ROUNDED;CONTINENT_DERIVED_FROM_COORDINATES"
115.94775,-32.12425,"Hydrocharis laevigata",2854059463,"Ballanup Drain, City of Armadale, E of Skeet Road","AUS",100,2018,"PRESERVED_SPECIMEN","COORDINATE_ROUNDED;CONTINENT_DERIVED_FROM_COORDINATES;INSTITUTION_MATCH_FUZZY;COLLECTION_MATCH_FUZZY"
-52.250633,-32.038377,"Hydrocharis laevigata",3902506359,"","BRA",1946,2022,"HUMAN_OBSERVATION","COORDINATE_ROUNDED;CONTINENT_DERIVED_FROM_COORDINATES"
145.419523,-16.985946,"Hydrocharis laevigata",3399343449,"","AUS",31,2021,"HUMAN_OBSERVATION","COORDINATE_ROUNDED;CONTINENT_DERIVED_FROM_COORDINATES"
151.35753,-32.783544,"Hydrocharis laevigata",3893109636,"Lovedale [c. 5 km north of Cessnock].","AUS",NA,2021,"PRESERVED_SPECIMEN","CONTINENT_DERIVED_FROM_COORDINATES;INSTITUTION_MATCH_FUZZY;COLLECTION_MATCH_FUZZY"
150.682912,-33.58086,"Hydrocharis laevigata",3893109607,"442 Grose Vale, Grose Vale.","AUS",5,2022,"PRESERVED_SPECIMEN","COORDINATE_ROUNDED;CONTINENT_DERIVED_FROM_COORDINATES;INSTITUTION_MATCH_FUZZY;COLLECTION_MATCH_FUZZY"
150.77,-33.93,"Hydrocharis laevigata",3468385344,"Rossmore.","AUS",NA,2020,"PRESERVED_SPECIMEN","COORDINATE_ROUNDED;CONTINENT_DERIVED_FROM_COORDINATES;INSTITUTION_MATCH_FUZZY;COLLECTION_MATCH_FUZZY"
153.397082,-28.327941,"Hydrocharis laevigata",3128857728,"Mother J Nursery [36 Wollumbin Street], Murwillumbah","AUS",NA,2019,"PRESERVED_SPECIMEN","CONTINENT_DERIVED_FROM_COORDINATES;INSTITUTION_MATCH_FUZZY;COLLECTION_MATCH_FUZZY"
151.13542,-33.65503,"Hydrocharis laevigata",3128859543,"Mount Kuring-gai, Sydney.","AUS",1000,2006,"PRESERVED_SPECIMEN","CONTINENT_DERIVED_FROM_COORDINATES;INSTITUTION_MATCH_FUZZY;COLLECTION_MATCH_FUZZY"
-67.97307,3.98785,"Hydrocharis laevigata",3468339990,"Rio Guaviare, Entrada Laguna Negra (Laguna la Rompida)","COL",NA,2012,"PRESERVED_SPECIMEN","INSTITUTION_MATCH_FUZZY;COLLECTION_MATCH_NONE"
-52.27913,4.88412,"Hydrocharis laevigata",3842205385,"","GUF",4756,2018,"HUMAN_OBSERVATION","COUNTRY_MISMATCH;CONTINENT_DERIVED_FROM_COORDINATES"
-72.0744,10.2783,"Hydrocharis laevigata",1936255821,"Edo. Zulia, municipio La Cañada de Urdaneta, cuenca baja del río Palmar, Campo Boscán, Finca Grano de Oro, madre vieja del río Palmar","VEN",NA,2004,"PRESERVED_SPECIMEN","GEODETIC_DATUM_ASSUMED_WGS84;CONTINENT_DERIVED_FROM_COORDINATES;INSTITUTION_MATCH_FUZZY;COLLECTION_MATCH_FUZZY"
-83.21667,8.68333,"Hydrocharis laevigata",1135450734,"P.N. Piedras Blancas, way from La Gamba - Rio Bonito to Playa San Josesito. 8°41' N, 83°13' W. Alt. 70 m.","CRI",500,2002,"PRESERVED_SPECIMEN","CONTINENT_DERIVED_FROM_COORDINATES;INSTITUTION_MATCH_FUZZY;COLLECTION_MATCH_NONE"
-121.662712,38.1204,"Hydrocharis laevigata",3415820830,"","USA",4,2021,"HUMAN_OBSERVATION","COORDINATE_ROUNDED;CONTINENT_DERIVED_FROM_COORDINATES"
-74.046127,4.80228,"Hydrocharis laevigata",2242760862,"","COL",20,2019,"HUMAN_OBSERVATION","COORDINATE_ROUNDED;CONTINENT_DERIVED_FROM_COORDINATES"
-71.799828,-34.988292,"Hydrocharis laevigata",3468783608,"","CHL",5,2022,"HUMAN_OBSERVATION","COORDINATE_ROUNDED;CONTINENT_DERIVED_FROM_COORDINATES"
-57.633333,-24.731944,"Hydrocharis laevigata",1055891332,"","PRY",NA,2004,"PRESERVED_SPECIMEN","COORDINATE_ROUNDED;GEODETIC_DATUM_ASSUMED_WGS84;INSTITUTION_MATCH_FUZZY;INSTITUTION_COLLECTION_MISMATCH"
153.288611,-28.075,"Hydrocharis laevigata",2418841074,"Tallai Road Reserve.","AUS",100,2016,"PRESERVED_SPECIMEN","COORDINATE_ROUNDED;CONTINENT_DERIVED_FROM_COORDINATES;INSTITUTION_MATCH_FUZZY;COLLECTION_MATCH_NONE"
-57.58,-18.1,"Hydrocharis laevigata",3744707303,"Province Angel Sandoval; Laguna Mandioré, on border with Brazil","BOL",NA,1998,"PRESERVED_SPECIMEN","MODIFIED_DATE_UNLIKELY;GEODETIC_DATUM_ASSUMED_WGS84;GEODETIC_DATUM_INVALID;INSTITUTION_MATCH_FUZZY;COLLECTION_MATCH_NONE"
-121.6193,39.4028,"Hydrocharis laevigata",3758966403,"Sacramento Valley. South end of the Oroville Wildlife Area, along the west edge of the Feather River off of the east end of Almond Avenue.","USA",NA,2021,"PRESERVED_SPECIMEN","CONTINENT_DERIVED_FROM_COORDINATES;AMBIGUOUS_INSTITUTION"
-124.068056,40.901111,"Hydrocharis laevigata",2418016274,"Arcata, Alder Grove Pond. On south shore of wetland. UTM Zone 10, 428185 N, 410100 E.","USA",805,2003,"PRESERVED_SPECIMEN","CONTINENT_DERIVED_FROM_COORDINATES;AMBIGUOUS_INSTITUTION"
-35.126111,-6.106111,"Hydrocharis laevigata",2302386291,"Lagoa da Boa Cica.","BRA",NA,2014,"PRESERVED_SPECIMEN","RECORDED_DATE_INVALID;COORDINATE_ROUNDED;GEODETIC_DATUM_ASSUMED_WGS84;CONTINENT_DERIVED_FROM_COORDINATES;INSTITUTION_MATCH_FUZZY;COLLECTION_MATCH_FUZZY"
-46.95,-22.883333,"Hydrocharis laevigata",1424336525,"Represa de Slato Grande - CESP, atrás de Joaquim Egídeo.","BRA",NA,1995,"PRESERVED_SPECIMEN","COORDINATE_ROUNDED;GEODETIC_DATUM_ASSUMED_WGS84;CONTINENT_DERIVED_FROM_COORDINATES;INSTITUTION_MATCH_FUZZY;COLLECTION_MATCH_FUZZY"
-38.755,-7.010556,"Hydrocharis laevigata",2013908939,"Açude Cavalo Morto, Queimados","BRA",NA,2018,"PRESERVED_SPECIMEN","COORDINATE_ROUNDED;GEODETIC_DATUM_ASSUMED_WGS84;CONTINENT_DERIVED_FROM_COORDINATES;INSTITUTION_MATCH_FUZZY;COLLECTION_MATCH_FUZZY"
29.434681,-15.674172,"Hydrocharis laevigata",4009936744,"","ZMB",NA,2022,"HUMAN_OBSERVATION","COORDINATE_ROUNDED;CONTINENT_DERIVED_FROM_COORDINATES"
-57.158797,-28.528817,"Hydrocharis laevigata",2603477161,"","ARG",3906,2014,"HUMAN_OBSERVATION","COORDINATE_ROUNDED;CONTINENT_DERIVED_FROM_COORDINATES"
150.62944,-33.76728,"Hydrocharis laevigata",3128861534,"Lucasville Road, Glenbook.","AUS",NA,2018,"PRESERVED_SPECIMEN","CONTINENT_DERIVED_FROM_COORDINATES;INSTITUTION_MATCH_FUZZY;COLLECTION_MATCH_FUZZY"
152.51786,-32.248509,"Hydrocharis laevigata",2827929995,"Wetland Reserve, Green Point","AUS",5,2017,"PRESERVED_SPECIMEN","COORDINATE_ROUNDED;CONTINENT_DERIVED_FROM_COORDINATES;INSTITUTION_MATCH_FUZZY;COLLECTION_MATCH_FUZZY"
-74.6321,5.96096,"Hydrocharis laevigata",1890995395,"Puerto Triunfo. 130 m.","COL",9250,1985,"PRESERVED_SPECIMEN",""
-57.016667,-19.233333,"Hydrocharis laevigata",1077311171,"Fazenda Leque (Murundu Alegre); sub-região do Abobral; Pantanal","BRA",NA,1989,"PRESERVED_SPECIMEN","GEODETIC_DATUM_ASSUMED_WGS84;CONTINENT_DERIVED_FROM_COORDINATES;INSTITUTION_MATCH_NONE"
-56.616667,-16.360278,"Hydrocharis laevigata",1077319531,"Fazenda Ipiranga; sub-região de Poconé; Pantanal - rio Bento Gomes","BRA",NA,1996,"PRESERVED_SPECIMEN","GEODETIC_DATUM_ASSUMED_WGS84;CONTINENT_DERIVED_FROM_COORDINATES;INSTITUTION_MATCH_NONE"
-57.65,-19.016667,"Hydrocharis laevigata",1077317147,"Parque Marina Gatass, próximo ao barranco do rio Paraguai","BRA",NA,1995,"PRESERVED_SPECIMEN","GEODETIC_DATUM_ASSUMED_WGS84;CONTINENT_DERIVED_FROM_COORDINATES;INSTITUTION_MATCH_NONE"
-57.816667,-19.333333,"Hydrocharis laevigata",1077307538,"Fazenda Primavera (Ruivaldo Albanese) - corixo Rio Verde; Jacadigo","BRA",NA,1986,"PRESERVED_SPECIMEN","GEODETIC_DATUM_ASSUMED_WGS84;CONTINENT_DERIVED_FROM_COORDINATES;INSTITUTION_MATCH_NONE"
-56.616667,-19.016667,"Hydrocharis laevigata",1077316154,"Fazenda Ipanema; sub-região da Nhecolândia; Pantanal","BRA",NA,1993,"PRESERVED_SPECIMEN","GEODETIC_DATUM_ASSUMED_WGS84;CONTINENT_DERIVED_FROM_COORDINATES;INSTITUTION_MATCH_NONE"
-55.966667,-19.85,"Hydrocharis laevigata",1077312152,"Fazenda Retirinho (retiro); sub-região de Aquidauana; Pantanal - brejo do Taboco","BRA",NA,1989,"PRESERVED_SPECIMEN","GEODETIC_DATUM_ASSUMED_WGS84;CONTINENT_DERIVED_FROM_COORDINATES;INSTITUTION_MATCH_NONE"
-56.25,-19.566667,"Hydrocharis laevigata",1077318881,"Fazenda Rio Negro; sub-região de Aquidauana; Pantanal; rio Negro","BRA",NA,1995,"PRESERVED_SPECIMEN","GEODETIC_DATUM_ASSUMED_WGS84;CONTINENT_DERIVED_FROM_COORDINATES;INSTITUTION_MATCH_NONE"
-57.566667,-18.566667,"Hydrocharis laevigata",1077320504,"Baía do Castelo, Pantanal do Paraguai","BRA",NA,1998,"PRESERVED_SPECIMEN","GEODETIC_DATUM_ASSUMED_WGS84;CONTINENT_DERIVED_FROM_COORDINATES;INSTITUTION_MATCH_NONE"
147.63302,-37.815437,"Hydrocharis laevigata",3926260310,"Eastwood, Bairnsdale. Accessed off walking track Gatehouse Drive. Located in pond between Howitt Avenue, Lucknow Primary School and Residential area Gatehouse Drive.","AUS",1000,2022,"PRESERVED_SPECIMEN","INSTITUTION_MATCH_FUZZY;COLLECTION_MATCH_FUZZY"
-121.626906,39.313371,"Hydrocharis laevigata",3457081289,"","USA",150,2021,"HUMAN_OBSERVATION","COORDINATE_ROUNDED;CONTINENT_DERIVED_FROM_COORDINATES"
-87.144666,15.787957,"Hydrocharis laevigata",3067599854,"","HND",1422,2019,"HUMAN_OBSERVATION","COORDINATE_ROUNDED;CONTINENT_DERIVED_FROM_COORDINATES"
29.485314,-15.657986,"Hydrocharis laevigata",4009863735,"","ZMB",NA,2022,"HUMAN_OBSERVATION","COORDINATE_ROUNDED;CONTINENT_DERIVED_FROM_COORDINATES"
-61.529091,-34.868449,"Hydrocharis laevigata",2611362319,"","ARG",5356,2020,"HUMAN_OBSERVATION","COORDINATE_ROUNDED;CONTINENT_DERIVED_FROM_COORDINATES"
-70.766622,-33.855539,"Hydrocharis laevigata",4028819051,"","CHL",14,2023,"HUMAN_OBSERVATION","COORDINATE_ROUNDED;CONTINENT_DERIVED_FROM_COORDINATES"
-124.052535,46.389801,"Hydrocharis laevigata",3415527166,"","USA",1129,2021,"HUMAN_OBSERVATION","COORDINATE_ROUNDED;CONTINENT_DERIVED_FROM_COORDINATES"
-60.79267,-32.42,"Hydrocharis laevigata",4006682889,"","ARG",244,2022,"HUMAN_OBSERVATION","COORDINATE_ROUNDED;CONTINENT_DERIVED_FROM_COORDINATES"
-74.100468,4.920395,"Hydrocharis laevigata",2451600867,"","COL",5,2019,"HUMAN_OBSERVATION","COORDINATE_ROUNDED;CONTINENT_DERIVED_FROM_COORDINATES"
-58.348353,-34.606215,"Hydrocharis laevigata",2013701439,"","ARG",2,2019,"HUMAN_OBSERVATION","COORDINATE_ROUNDED;CONTINENT_DERIVED_FROM_COORDINATES"
-71.88095,-34.99413,"Hydrocharis laevigata",3416045383,"","CHL",5,2021,"HUMAN_OBSERVATION","CONTINENT_DERIVED_FROM_COORDINATES"
-73.955299,4.950521,"Hydrocharis laevigata",3456482779,"","COL",468,2021,"HUMAN_OBSERVATION","COORDINATE_ROUNDED;CONTINENT_DERIVED_FROM_COORDINATES"
-71.576252,-35.461765,"Hydrocharis laevigata",4062594537,"","CHL",1052,2023,"HUMAN_OBSERVATION","COORDINATE_ROUNDED;CONTINENT_DERIVED_FROM_COORDINATES"
-92.101278,18.325278,"Hydrocharis laevigata",1894421537,"10 kilómetros de Palizada en la ribera río San Juan","MEX",90,2005,"PRESERVED_SPECIMEN","TYPE_STATUS_INVALID;OCCURRENCE_STATUS_INFERRED_FROM_INDIVIDUAL_COUNT;COORDINATE_ROUNDED;GEODETIC_DATUM_ASSUMED_WGS84;CONTINENT_DERIVED_FROM_COORDINATES;INSTITUTION_MATCH_NONE"
-92.083417,18.334722,"Hydrocharis laevigata",1894421575,"Al suroeste de palizada en le laguna Campo Calabazal","MEX",90,2005,"PRESERVED_SPECIMEN","TYPE_STATUS_INVALID;OCCURRENCE_STATUS_INFERRED_FROM_INDIVIDUAL_COUNT;COORDINATE_ROUNDED;GEODETIC_DATUM_ASSUMED_WGS84;CONTINENT_DERIVED_FROM_COORDINATES;INSTITUTION_MATCH_NONE"
-92.31225,18.619389,"Hydrocharis laevigata",1894421551,"100 metros de la desviación a Nuevo Progreso carretera Frontera-Nuevo Progreso","MEX",80,2005,"PRESERVED_SPECIMEN","TYPE_STATUS_INVALID;OCCURRENCE_STATUS_INFERRED_FROM_INDIVIDUAL_COUNT;COORDINATE_ROUNDED;GEODETIC_DATUM_ASSUMED_WGS84;CONTINENT_DERIVED_FROM_COORDINATES;INSTITUTION_MATCH_NONE"
-79.916667,-2.75,"Hydrocharis laevigata",2517203606,"","ECU",NA,1987,"PRESERVED_SPECIMEN","INSTITUTION_MATCH_FUZZY;INSTITUTION_COLLECTION_MISMATCH"
-38.874444,-11.712222,"Hydrocharis laevigata",3800759305,"Fazenda Pau de Colher.","BRA",NA,2020,"PRESERVED_SPECIMEN","GEODETIC_DATUM_ASSUMED_WGS84;CONTINENT_DERIVED_FROM_COORDINATES;DIFFERENT_OWNER_INSTITUTION"
-40.55,-11.716667,"Hydrocharis laevigata",1094718384,"","BRA",NA,1980,"PRESERVED_SPECIMEN","GEODETIC_DATUM_ASSUMED_WGS84;CONTINENT_DERIVED_FROM_COORDINATES;DIFFERENT_OWNER_INSTITUTION"
-74.792778,4.844167,"Hydrocharis laevigata",1061292651,"Humedal Moya","COL",NA,2013,"PRESERVED_SPECIMEN","COORDINATE_ROUNDED;AMBIGUOUS_INSTITUTION"
-61.287869,16.246127,"Hydrocharis laevigata",4028765872,"","GLP",15,2022,"HUMAN_OBSERVATION","COORDINATE_ROUNDED;CONTINENT_DERIVED_FROM_COORDINATES"
-40.073889,-19.410833,"Hydrocharis laevigata",3013379999,"Porto de Linhares - Ponto 21 MN.","BRA",NA,2018,"PRESERVED_SPECIMEN","COORDINATE_ROUNDED;GEODETIC_DATUM_ASSUMED_WGS84;CONTINENT_DERIVED_FROM_COORDINATES;INSTITUTION_MATCH_NONE"
-75.859267,8.872633,"Hydrocharis laevigata",1086984780,"Ciénaga Corralito","COL",NA,2011,"PRESERVED_SPECIMEN","COORDINATE_ROUNDED;INSTITUTION_MATCH_NONE"
-74.588361,6.043524,"Hydrocharis laevigata",2813155384,"Carretera a Perales","COL",1322,1985,"PRESERVED_SPECIMEN","INSTITUTION_MATCH_NONE"
-74.326919,5.030459,"Hydrocharis laevigata",2813166709,"Vereda Cacahual, Parque Ecológico Laguna del Tabacal, humedal Cacahual, borde S del humedal","COL",530,2006,"PRESERVED_SPECIMEN","INSTITUTION_MATCH_NONE"
-73.847861,7.168472,"Hydrocharis laevigata",1223131565,"Ciénaga El Llanito","COL",558,2009,"PRESERVED_SPECIMEN","COORDINATE_ROUNDED;INSTITUTION_MATCH_FUZZY;COLLECTION_MATCH_FUZZY"
-52.885076,5.358836,"Hydrocharis laevigata",3860687513,"","GUF",71,2017,"HUMAN_OBSERVATION","CONTINENT_DERIVED_FROM_COORDINATES"
-36.023778,-8.492694,"Hydrocharis laevigata",1077575061,"Agreste Pernambucano, RPPN Cabanos.","BRA",NA,2005,"PRESERVED_SPECIMEN","GEODETIC_DATUM_ASSUMED_WGS84;DIFFERENT_OWNER_INSTITUTION"
-50.191136,-29.863114,"Hydrocharis laevigata",1213528252,"Lagoa das Traíras","BRA",NA,2015,"PRESERVED_SPECIMEN","GEODETIC_DATUM_ASSUMED_WGS84;CONTINENT_DERIVED_FROM_COORDINATES;DIFFERENT_OWNER_INSTITUTION"
-55.475833,-2.271944,"Hydrocharis laevigata",3069791664,"Lago Grande do Curuai.","BRA",NA,2012,"PRESERVED_SPECIMEN","RECORDED_DATE_INVALID;COORDINATE_ROUNDED;GEODETIC_DATUM_ASSUMED_WGS84;CONTINENT_DERIVED_FROM_COORDINATES;INSTITUTION_MATCH_FUZZY;COLLECTION_MATCH_FUZZY"
-54.069167,-2.008056,"Hydrocharis laevigata",2302332491,"Lago Grande de Monte Alegre. Banco de macrófitas na região marginal.","BRA",NA,2009,"PRESERVED_SPECIMEN","COORDINATE_ROUNDED;GEODETIC_DATUM_ASSUMED_WGS84;CONTINENT_DERIVED_FROM_COORDINATES;INSTITUTION_MATCH_FUZZY;COLLECTION_MATCH_FUZZY"
-98.3342,20.025,"Hydrocharis laevigata",3308603845,"Laguna Hueyapan. Hacienda de San Juan Hueyapan, a 14 km de Tulancingo rumbo a San Lorenzo, pasando por Cuautepec.","MEX",80,2003,"PRESERVED_SPECIMEN","TYPE_STATUS_INVALID;OCCURRENCE_STATUS_INFERRED_FROM_INDIVIDUAL_COUNT;GEODETIC_DATUM_ASSUMED_WGS84;CONTINENT_DERIVED_FROM_COORDINATES;INSTITUTION_MATCH_FUZZY;INSTITUTION_COLLECTION_MISMATCH"
-73.880454,7.086232,"Hydrocharis laevigata",3498596367,"En P22B","COL",5,2021,"HUMAN_OBSERVATION",""
134.9,34.45,"Hydrocharis laevigata",1830544885,"ohtani, Awaji-shi","JPN",NA,2014,"PRESERVED_SPECIMEN","GEODETIC_DATUM_ASSUMED_WGS84;CONTINENT_DERIVED_FROM_COORDINATES;INSTITUTION_MATCH_FUZZY;INSTITUTION_COLLECTION_MISMATCH"
-75.39336,10.050164,"Hydrocharis laevigata",2817754084,"Correa","COL",NA,2014,"HUMAN_OBSERVATION","CONTINENT_DERIVED_FROM_COORDINATES"
-75.049607,9.429138,"Hydrocharis laevigata",2817758059,"Los Borrachos","COL",NA,2014,"HUMAN_OBSERVATION","CONTINENT_DERIVED_FROM_COORDINATES"
-75.449559,10.22022,"Hydrocharis laevigata",2817768089,"","COL",NA,2014,"HUMAN_OBSERVATION","CONTINENT_DERIVED_FROM_COORDINATES"
59.96186,57.36314,"Hydrocharis laevigata",1993785077,"г. Верхний Тагил, городской пруд - водоем-охладитель ВТ ГРЭС","RUS",NA,2018,"HUMAN_OBSERVATION","CONTINENT_DERIVED_FROM_COORDINATES"
-66.51242,18.461613,"Hydrocharis laevigata",3994246262,"","PRI",20,2021,"HUMAN_OBSERVATION","COORDINATE_ROUNDED;CONTINENT_DERIVED_FROM_COORDINATES"
-120.5996,36.9483,"Hydrocharis laevigata",3059660081,"South Dos Palos, in Laguna Canal, E of Brannon Rd. and S of Merrill Ave.","USA",NA,2008,"PRESERVED_SPECIMEN","GEODETIC_DATUM_ASSUMED_WGS84;CONTINENT_DERIVED_FROM_COORDINATES;INSTITUTION_MATCH_FUZZY"
-122.02676,37.62531,"Hydrocharis laevigata",3425157301,"Jordan Pond at Garin Regional Park in hills east of Hayward hills.","USA",NA,1998,"PRESERVED_SPECIMEN","GEODETIC_DATUM_ASSUMED_WGS84;CONTINENT_DERIVED_FROM_COORDINATES;INSTITUTION_MATCH_FUZZY"
-120.5691,37.0689,"Hydrocharis laevigata",3059664383,"Central California Irrigation District; Lucerne Canal at Willis Crossing , east of Willis Road, north of Hwy 152.","USA",NA,2010,"PRESERVED_SPECIMEN","GEODETIC_DATUM_ASSUMED_WGS84;CONTINENT_DERIVED_FROM_COORDINATES;INSTITUTION_MATCH_FUZZY"
-119.4527,36.7368,"Hydrocharis laevigata",3059664662,"Sanger, 79 N. Frankwood Ave.","USA",NA,2008,"PRESERVED_SPECIMEN","GEODETIC_DATUM_ASSUMED_WGS84;CONTINENT_DERIVED_FROM_COORDINATES;INSTITUTION_MATCH_FUZZY"
-117.025591,33.954247,"Hydrocharis laevigata",3059672217,"In outdoor pond, approx. 1/4 acre in Desert Lawn Cemetary, Desert Lawn Dr. Calimesa.","USA",969,1999,"PRESERVED_SPECIMEN","GEODETIC_DATUM_ASSUMED_WGS84;CONTINENT_DERIVED_FROM_COORDINATES;INSTITUTION_MATCH_FUZZY"
-119.077318,34.208144,"Hydrocharis laevigata",3059672219,"Intercepted during quaratine inspection of shipment from Wen-Tro Inc. Escondido to be sold at Armstrong Garden Center 147 Thousand Oaks Blvd. Thousand Oaks. Aquatic Plants.","USA",1000,1999,"PRESERVED_SPECIMEN","CONTINENT_DERIVED_FROM_COORDINATES;INSTITUTION_MATCH_FUZZY"
-124.146752,40.733804,"Hydrocharis laevigata",3059674774,"6210 Avalon Dr. Eureka CA 95503,. 12- Humboldt; 91-Nursery; 22-Nursery Stock, Container Grown; NRSY-Nursery","USA",1000,2017,"PRESERVED_SPECIMEN","CONTINENT_DERIVED_FROM_COORDINATES;INSTITUTION_MATCH_FUZZY"
-121.6902,38.1151,"Hydrocharis laevigata",3059674931,"Rio Vista; Brannan Island State Park, 17645 Hwy 160.","USA",NA,2010,"PRESERVED_SPECIMEN","GEODETIC_DATUM_ASSUMED_WGS84;CONTINENT_DERIVED_FROM_COORDINATES;INSTITUTION_MATCH_FUZZY"
-122.414369,37.478259,"Hydrocharis laevigata",3059685851,"Intercepted during quarantine inspection at Bongard's Treescape, 12460 San Mateo Rd. Half Moon Bay. Aquatic Plants.","USA",500,1999,"PRESERVED_SPECIMEN","CONTINENT_DERIVED_FROM_COORDINATES;INSTITUTION_MATCH_FUZZY"
-119.328799,36.166033,"Hydrocharis laevigata",3059685856,"Intercepted during quarantine inspection of shipment from Aquatic Resources, Sebastopol destined for sale at Orchard Supply Hardware, 2230 W. Walnut Ave. Visalia. Aquatic Plants.","USA",1000,1999,"PRESERVED_SPECIMEN","CONTINENT_DERIVED_FROM_COORDINATES;INSTITUTION_MATCH_FUZZY"
-122.19719,39.74736,"Hydrocharis laevigata",3059686189,"Grown in backyard tubes as nursery stock of floating fern to be sold in open market, Orland. Cultivated Plants.","USA",500,1999,"PRESERVED_SPECIMEN","CONTINENT_DERIVED_FROM_COORDINATES;INSTITUTION_MATCH_FUZZY"
-119.942965,36.828811,"Hydrocharis laevigata",3059688929,"San Joaquin River; between Hwy 99 and Hwy 145.","USA",500,2007,"PRESERVED_SPECIMEN","COORDINATE_ROUNDED;CONTINENT_DERIVED_FROM_COORDINATES;INSTITUTION_MATCH_FUZZY"
-119.9323,36.8425,"Hydrocharis laevigata",3059692622,"San Joaquin River at Hwy 99.","USA",NA,2007,"PRESERVED_SPECIMEN","GEODETIC_DATUM_ASSUMED_WGS84;CONTINENT_DERIVED_FROM_COORDINATES;INSTITUTION_MATCH_FUZZY"
-120.82,37.14,"Hydrocharis laevigata",3059704663,"CA Department of Fish and Game, North Grasslands Wildlife Area; in the vicinity of Los Banos, on Wolfson Road near Highway 165.","USA",NA,2010,"PRESERVED_SPECIMEN","GEODETIC_DATUM_ASSUMED_WGS84;CONTINENT_DERIVED_FROM_COORDINATES;INSTITUTION_MATCH_FUZZY"
-121.0636,37.3725,"Hydrocharis laevigata",3059705459,"Orestimba Creek at CCID Main Canal (south of canal), near Hwy 33, south of Fink Road.","USA",NA,2010,"PRESERVED_SPECIMEN","GEODETIC_DATUM_ASSUMED_WGS84;CONTINENT_DERIVED_FROM_COORDINATES;INSTITUTION_MATCH_FUZZY"
152.732788,-25.464963,"Hydrocharis laevigata",3469587826,"Ramsay Court, Dundathu.","AUS",100,2013,"PRESERVED_SPECIMEN","COORDINATE_ROUNDED;CONTINENT_DERIVED_FROM_COORDINATES;INSTITUTION_MATCH_FUZZY;COLLECTION_MATCH_NONE"
153.041667,-27.808333,"Hydrocharis laevigata",2418481226,"110 Camp Cable Rd, Jimboomba.","AUS",2000,2017,"PRESERVED_SPECIMEN","COORDINATE_ROUNDED;CONTINENT_DERIVED_FROM_COORDINATES;INSTITUTION_MATCH_FUZZY;COLLECTION_MATCH_NONE"
-77.171417,7.412861,"Hydrocharis laevigata",3970802078,"Ciénaga de Guineo, municipio de Riosucio","COL",NA,2016,"HUMAN_OBSERVATION","OCCURRENCE_STATUS_INFERRED_FROM_INDIVIDUAL_COUNT;COORDINATE_ROUNDED"
-122.346148,40.496628,"Hydrocharis laevigata",3499695498,"","USA",NA,2022,"HUMAN_OBSERVATION","COORDINATE_ROUNDED;CONTINENT_DERIVED_FROM_COORDINATES"
-60.674599,-32.837803,"Hydrocharis laevigata",3408239881,"","ARG",61,2021,"HUMAN_OBSERVATION","COORDINATE_ROUNDED;CONTINENT_DERIVED_FROM_COORDINATES"
-76.05298,1.876453,"Hydrocharis laevigata",3923436712,"","COL",15,2021,"HUMAN_OBSERVATION","COORDINATE_ROUNDED;CONTINENT_DERIVED_FROM_COORDINATES"
-60.65228,-31.908542,"Hydrocharis laevigata",3325666012,"","ARG",NA,2021,"HUMAN_OBSERVATION","COORDINATE_ROUNDED;CONTINENT_DERIVED_FROM_COORDINATES"
-59.7739,8.40306,"Hydrocharis laevigata",1456187233,"Waini Peninsula. Between Almond Beach School & shell deposit in Avicennia swamp. Approx. 2 mi. E. of Shell Beach","GUY",NA,1998,"PRESERVED_SPECIMEN","GEODETIC_DATUM_ASSUMED_WGS84"
29.526278,-15.651136,"Hydrocharis laevigata",4009854737,"","ZMB",NA,2022,"HUMAN_OBSERVATION","COORDINATE_ROUNDED;CONTINENT_DERIVED_FROM_COORDINATES"
-61.767526,-38.199348,"Hydrocharis laevigata",4034856899,"","ARG",2,2023,"HUMAN_OBSERVATION","COORDINATE_ROUNDED;CONTINENT_DERIVED_FROM_COORDINATES"
-100.012479,19.253237,"Hydrocharis laevigata",3858986082,"","MEX",512,2022,"HUMAN_OBSERVATION","COORDINATE_ROUNDED;CONTINENT_DERIVED_FROM_COORDINATES"
