"lon","lat","species","gbifID","locality","countryCode","coordinateUncertaintyInMeters","year","basisOfRecord","issue"
98.970333,22.960056,"Laggera crispata",1846500952,"Wa State, Village of Mong Ma. Assumed to have been collected from soumewhere near village, by Ai Khwet, Wa part-time traditional healer: Wa name, lah alh.","MMR",NA,1993,"PRESERVED_SPECIMEN","GEODETIC_DATUM_ASSUMED_WGS84;CONTINENT_DERIVED_FROM_COORDINATES;INSTITUTION_MATCH_FUZZY;COLLECTION_MATCH_NONE"
100.7,23.5,"Laggera crispata",4044737407,"","CHN",NA,2007,"PRESERVED_SPECIMEN","COUNTRY_INVALID;GEODETIC_DATUM_ASSUMED_WGS84;CONTINENT_DERIVED_FROM_COORDINATES;INSTITUTION_MATCH_NONE"
106.1,25.17,"Laggera crispata",4043592091,"","CHN",NA,1960,"PRESERVED_SPECIMEN","COUNTRY_INVALID;GEODETIC_DATUM_ASSUMED_WGS84;CONTINENT_DERIVED_FROM_COORDINATES;INSTITUTION_MATCH_FUZZY;COLLECTION_MATCH_NONE"
101.63,24.7,"Laggera crispata",4044300812,"","CHN",NA,1957,"PRESERVED_SPECIMEN","COUNTRY_INVALID;GEODETIC_DATUM_ASSUMED_WGS84;CONTINENT_DERIVED_FROM_COORDINATES;INSTITUTION_MATCH_FUZZY;COLLECTION_MATCH_NONE"
100.86,22.7,"Laggera crispata",4043569655,"","CHN",NA,2012,"PRESERVED_SPECIMEN","COUNTRY_INVALID;GEODETIC_DATUM_ASSUMED_WGS84;CONTINENT_DERIVED_FROM_COORDINATES;INSTITUTION_MATCH_FUZZY;COLLECTION_MATCH_NONE"
91.14,29.65,"Laggera crispata",4045293901,"","CHN",NA,1965,"PRESERVED_SPECIMEN","COUNTRY_INVALID;GEODETIC_DATUM_ASSUMED_WGS84;CONTINENT_DERIVED_FROM_COORDINATES;INSTITUTION_MATCH_FUZZY;COLLECTION_MATCH_NONE"
105.33,24.77,"Laggera crispata",4044361268,"","CHN",NA,1977,"PRESERVED_SPECIMEN","COUNTRY_INVALID;GEODETIC_DATUM_ASSUMED_WGS84;CONTINENT_DERIVED_FROM_COORDINATES;INSTITUTION_MATCH_FUZZY;COLLECTION_MATCH_NONE"
102.17,24.67,"Laggera crispata",4043292295,"","CHN",NA,1996,"PRESERVED_SPECIMEN","COUNTRY_INVALID;GEODETIC_DATUM_ASSUMED_WGS84;CONTINENT_DERIVED_FROM_COORDINATES;INSTITUTION_MATCH_FUZZY;COLLECTION_MATCH_NONE"
106.75,25.43,"Laggera crispata",4045166844,"","CHN",NA,1960,"PRESERVED_SPECIMEN","COUNTRY_INVALID;GEODETIC_DATUM_ASSUMED_WGS84;CONTINENT_DERIVED_FROM_COORDINATES;INSTITUTION_MATCH_FUZZY;COLLECTION_MATCH_NONE"
103.105257,26.257465,"Laggera crispata",2465025409,"","CHN",NA,2004,"HUMAN_OBSERVATION","GEODETIC_DATUM_ASSUMED_WGS84;GEODETIC_DATUM_INVALID;CONTINENT_DERIVED_FROM_COORDINATES"
100.42293,26.534082,"Laggera crispata",2465024599,"","CHN",NA,2001,"HUMAN_OBSERVATION","GEODETIC_DATUM_ASSUMED_WGS84;GEODETIC_DATUM_INVALID;CONTINENT_DERIVED_FROM_COORDINATES"
40.42,7.08,"Laggera crispata",1096654214,"Flora of Ethiopia. Bale Adm. Reg., 38 km E of Robe, along road to Goro and Ginir.","ETH",NA,1982,"PRESERVED_SPECIMEN","GEODETIC_DATUM_ASSUMED_WGS84;INSTITUTION_COLLECTION_MISMATCH"
34.25,-8.91,"Laggera crispata",1096694225,"Tanzania. Iringa: Makete District. T7. Mpanga proposed game reserve. Vegetation plot No. 10. Work supported by Tanzania Forest Research Programme","TZA",NA,2002,"PRESERVED_SPECIMEN","GEODETIC_DATUM_ASSUMED_WGS84;INSTITUTION_COLLECTION_MISMATCH"
13.6964,7.134,"Laggera crispata",3476759901,"","CMR",NA,1984,"PRESERVED_SPECIMEN","GEODETIC_DATUM_ASSUMED_WGS84;CONTINENT_DERIVED_FROM_COORDINATES;COLLECTION_MATCH_NONE"
13.0675,-4.1161,"Laggera crispata",3476759902,"","COG",NA,1989,"PRESERVED_SPECIMEN","GEODETIC_DATUM_ASSUMED_WGS84;CONTINENT_DERIVED_FROM_COORDINATES;COLLECTION_MATCH_NONE"
27.6,-9,"Laggera crispata",3476757854,"","COD",NA,1970,"PRESERVED_SPECIMEN","GEODETIC_DATUM_ASSUMED_WGS84;CONTINENT_DERIVED_FROM_COORDINATES;COLLECTION_MATCH_NONE"
10.0499,5.6666,"Laggera crispata",3476757855,"","CMR",NA,1986,"PRESERVED_SPECIMEN","GEODETIC_DATUM_ASSUMED_WGS84;CONTINENT_DERIVED_FROM_COORDINATES;COLLECTION_MATCH_NONE"
29.8351,1.2181,"Laggera crispata",3476757856,"","COD",NA,1975,"PRESERVED_SPECIMEN","GEODETIC_DATUM_ASSUMED_WGS84;CONTINENT_DERIVED_FROM_COORDINATES;COLLECTION_MATCH_NONE"
28.8666,-7.3333,"Laggera crispata",3476760820,"","COD",NA,1971,"PRESERVED_SPECIMEN","GEODETIC_DATUM_ASSUMED_WGS84;CONTINENT_DERIVED_FROM_COORDINATES;COLLECTION_MATCH_NONE"
29.7684,-2.5438,"Laggera crispata",3476760821,"","RWA",NA,1989,"PRESERVED_SPECIMEN","GEODETIC_DATUM_ASSUMED_WGS84;CONTINENT_DERIVED_FROM_COORDINATES;COLLECTION_MATCH_NONE"
26.9812,-11.2498,"Laggera crispata",3478147825,"","COD",NA,1971,"PRESERVED_SPECIMEN","GEODETIC_DATUM_ASSUMED_WGS84;CONTINENT_DERIVED_FROM_COORDINATES;COLLECTION_MATCH_NONE"
27.7935,-11.9546,"Laggera crispata",3478147826,"","COD",NA,1971,"PRESERVED_SPECIMEN","GEODETIC_DATUM_ASSUMED_WGS84;CONTINENT_DERIVED_FROM_COORDINATES;COLLECTION_MATCH_NONE"
45.66667,13.95,"Laggera crispata",911792861,"Yemen: Plateau of Mukayris, 5 km SE of the village Mukayris, hill of huge granite rocks. Edge of cultivated land. Alt.: 2150 m. 25.3.1997, Leg.: P. Hein, A. N. Al Gifri, N. Kilian & M. Smalla PH 3598.","YEM",NA,1997,"PRESERVED_SPECIMEN","GEODETIC_DATUM_ASSUMED_WGS84;CONTINENT_DERIVED_FROM_COORDINATES;INSTITUTION_MATCH_FUZZY"
109.212222,11.734444,"Laggera crispata",4031692292,"Nui Chua National Park. Ninh Hai Distr., Vinh Hai Municipality, Vill. Vinh Hy, about 1 km to the north, to the direction of Ao Ho lake.","VNM",NA,2004,"PRESERVED_SPECIMEN","OCCURRENCE_STATUS_INFERRED_FROM_INDIVIDUAL_COUNT;COORDINATE_ROUNDED;GEODETIC_DATUM_ASSUMED_WGS84;INSTITUTION_MATCH_FUZZY;COLLECTION_MATCH_NONE"
48.126667,-19.104444,"Laggera crispata",4031730549,"Moramanga, Ambohibary, Ampahitra, forêt d'Antaniditra.","MDG",NA,2012,"PRESERVED_SPECIMEN","OCCURRENCE_STATUS_INFERRED_FROM_INDIVIDUAL_COUNT;COORDINATE_ROUNDED;GEODETIC_DATUM_ASSUMED_WGS84;INSTITUTION_MATCH_FUZZY;COLLECTION_MATCH_NONE"
31.155278,-25.466944,"Laggera crispata",3113599346,"","ZAF",5,2021,"HUMAN_OBSERVATION","COORDINATE_ROUNDED;CONTINENT_DERIVED_FROM_COORDINATES"
30.927798,-24.731776,"Laggera crispata",3860202765,"","ZAF",NA,2022,"HUMAN_OBSERVATION","COORDINATE_ROUNDED;CONTINENT_DERIVED_FROM_COORDINATES"
28.935388,-28.714765,"Laggera crispata",2823106339,"","ZAF",5,2019,"HUMAN_OBSERVATION","COORDINATE_ROUNDED;CONTINENT_DERIVED_FROM_COORDINATES"
29.517578,-25.04871,"Laggera crispata",3343946785,"","ZAF",10,2021,"HUMAN_OBSERVATION","COORDINATE_ROUNDED;CONTINENT_DERIVED_FROM_COORDINATES"
35.161057,1.272716,"Laggera crispata",2823111314,"","KEN",836,2018,"HUMAN_OBSERVATION","COORDINATE_ROUNDED;CONTINENT_DERIVED_FROM_COORDINATES"
27.979855,-25.873911,"Laggera crispata",3314379664,"","ZAF",232,2021,"HUMAN_OBSERVATION","COORDINATE_ROUNDED;CONTINENT_DERIVED_FROM_COORDINATES"
28.23936,-25.888396,"Laggera crispata",3124648055,"","ZAF",NA,2021,"HUMAN_OBSERVATION","COORDINATE_ROUNDED;CONTINENT_DERIVED_FROM_COORDINATES"
30.380222,-24.96881,"Laggera crispata",3859084239,"","ZAF",5,2022,"HUMAN_OBSERVATION","COORDINATE_ROUNDED;CONTINENT_DERIVED_FROM_COORDINATES"
32.010921,-18.252503,"Laggera crispata",2901727457,"","ZWE",698,2020,"HUMAN_OBSERVATION","COORDINATE_ROUNDED;CONTINENT_DERIVED_FROM_COORDINATES"
30.603912,-30.269557,"Laggera crispata",3302420717,"","ZAF",350,2021,"HUMAN_OBSERVATION","COORDINATE_ROUNDED;CONTINENT_DERIVED_FROM_COORDINATES"
30.591555,-29.980532,"Laggera crispata",2823116341,"","ZAF",122,2017,"HUMAN_OBSERVATION","COORDINATE_ROUNDED;CONTINENT_DERIVED_FROM_COORDINATES"
-5,5.283333,"Laggera crispata",1948915414,"","CIV",NA,1958,"HUMAN_OBSERVATION","COORDINATE_ROUNDED;CONTINENT_DERIVED_FROM_COORDINATES"
-5.283333,7.683333,"Laggera crispata",1948924538,"","CIV",NA,1960,"HUMAN_OBSERVATION","COORDINATE_ROUNDED;CONTINENT_DERIVED_FROM_COORDINATES"
-4.95,6.683333,"Laggera crispata",1948923658,"","CIV",NA,1960,"HUMAN_OBSERVATION","COORDINATE_ROUNDED;CONTINENT_DERIVED_FROM_COORDINATES"
-4.516667,7.5,"Laggera crispata",1948923930,"","CIV",NA,1961,"HUMAN_OBSERVATION","COORDINATE_ROUNDED;CONTINENT_DERIVED_FROM_COORDINATES"
-5.283333,7.366667,"Laggera crispata",1948924138,"","CIV",NA,1960,"HUMAN_OBSERVATION","COORDINATE_ROUNDED;CONTINENT_DERIVED_FROM_COORDINATES"
-4.533333,5.366667,"Laggera crispata",1948915622,"","CIV",NA,1958,"HUMAN_OBSERVATION","COORDINATE_ROUNDED;CONTINENT_DERIVED_FROM_COORDINATES"
-4.483333,8.1,"Laggera crispata",1948923976,"","CIV",NA,1960,"HUMAN_OBSERVATION","COORDINATE_ROUNDED;CONTINENT_DERIVED_FROM_COORDINATES"
7.766667,16.366667,"Laggera crispata",1949012068,"","NER",NA,1969,"HUMAN_OBSERVATION","COORDINATE_ROUNDED;CONTINENT_DERIVED_FROM_COORDINATES"
-4.633333,5.316667,"Laggera crispata",1948915493,"","CIV",NA,1958,"HUMAN_OBSERVATION","COORDINATE_ROUNDED;CONTINENT_DERIVED_FROM_COORDINATES"
2.2,7.8,"Laggera crispata",1948795744,"","BEN",NA,1999,"HUMAN_OBSERVATION","CONTINENT_DERIVED_FROM_COORDINATES"
-4.5,5.416667,"Laggera crispata",1948915743,"","CIV",NA,1958,"HUMAN_OBSERVATION","COORDINATE_ROUNDED;CONTINENT_DERIVED_FROM_COORDINATES"
-4.7,6.633333,"Laggera crispata",1948922896,"","CIV",NA,1960,"HUMAN_OBSERVATION","COORDINATE_ROUNDED;CONTINENT_DERIVED_FROM_COORDINATES"
-7.233333,7.25,"Laggera crispata",1948924672,"","CIV",NA,1961,"HUMAN_OBSERVATION","COORDINATE_ROUNDED;CONTINENT_DERIVED_FROM_COORDINATES"
-4.416667,6.316667,"Laggera crispata",1948923365,"","CIV",NA,1959,"HUMAN_OBSERVATION","COORDINATE_ROUNDED;CONTINENT_DERIVED_FROM_COORDINATES"
-4.95,6.1,"Laggera crispata",1948923555,"","CIV",NA,1960,"HUMAN_OBSERVATION","CONTINENT_DERIVED_FROM_COORDINATES"
11.833333,8.333333,"Laggera crispata",1948981289,"","NGA",NA,1958,"HUMAN_OBSERVATION","COORDINATE_ROUNDED;CONTINENT_DERIVED_FROM_COORDINATES"
1.15,6.666667,"Laggera crispata",1949131803,"","TGO",NA,1993,"HUMAN_OBSERVATION","COORDINATE_ROUNDED;CONTINENT_DERIVED_FROM_COORDINATES"
11.916667,8.316667,"Laggera crispata",1948981118,"","NGA",NA,1958,"HUMAN_OBSERVATION","COORDINATE_ROUNDED;CONTINENT_DERIVED_FROM_COORDINATES"
-4.833333,5.283333,"Laggera crispata",1948915591,"","CIV",NA,1958,"HUMAN_OBSERVATION","COORDINATE_ROUNDED;CONTINENT_DERIVED_FROM_COORDINATES"
-4.933333,6.166667,"Laggera crispata",1948923259,"","CIV",NA,1959,"HUMAN_OBSERVATION","COORDINATE_ROUNDED;CONTINENT_DERIVED_FROM_COORDINATES"
9.12,4.13,"Laggera crispata",912110172,"","CMR",NA,1952,"PRESERVED_SPECIMEN","GEODETIC_DATUM_ASSUMED_WGS84;CONTINENT_DERIVED_FROM_COORDINATES;INSTITUTION_MATCH_FUZZY;COLLECTION_MATCH_FUZZY"
10.22,5.92,"Laggera crispata",912110148,"Bafut Ngemba F.R.","CMR",NA,1951,"PRESERVED_SPECIMEN","GEODETIC_DATUM_ASSUMED_WGS84;CONTINENT_DERIVED_FROM_COORDINATES;INSTITUTION_MATCH_FUZZY;COLLECTION_MATCH_FUZZY"
9.18,4.2,"Laggera crispata",912110120,"","CMR",NA,1951,"PRESERVED_SPECIMEN","GEODETIC_DATUM_ASSUMED_WGS84;CONTINENT_DERIVED_FROM_COORDINATES;INSTITUTION_MATCH_FUZZY;COLLECTION_MATCH_FUZZY"
30.67,-6.17,"Laggera crispata",912493009,"Rukwa, Mpanda district, T4, Mpembe village, near Kamongo Hill, ca. 8.5km from village","TZA",0.2,2005,"PRESERVED_SPECIMEN","GEODETIC_DATUM_ASSUMED_WGS84;CONTINENT_DERIVED_FROM_COORDINATES;INSTITUTION_MATCH_FUZZY;COLLECTION_MATCH_FUZZY"
1.916667,7.35,"Laggera crispata",2517337248,"Djidja.","BEN",NA,2000,"PRESERVED_SPECIMEN","INSTITUTION_MATCH_FUZZY;INSTITUTION_COLLECTION_MISMATCH"
3.033333,9.833333,"Laggera crispata",2515733219,"Daroukparou.","BEN",NA,1999,"PRESERVED_SPECIMEN","INSTITUTION_MATCH_FUZZY;INSTITUTION_COLLECTION_MISMATCH"
98.731667,24.853889,"Laggera crispata",574866659,"Km 30 (ca. 2 km W of Zhengding forestry reserve station) on Highway S 317, W side of Gaoligong Shan.","CHN",NA,2005,"PRESERVED_SPECIMEN","GEODETIC_DATUM_ASSUMED_WGS84;CONTINENT_DERIVED_FROM_COORDINATES;INSTITUTION_MATCH_FUZZY;COLLECTION_MATCH_FUZZY"
98.9055,17.934778,"Laggera crispata",2516853951,"Thailand, Province: Lampoon, District: Toong Hoa Chang, between Nawng Bua Village And Bohng (Karen) Village, Bahn Buang Subdistrict.","THA",NA,2000,"PRESERVED_SPECIMEN","INSTITUTION_MATCH_FUZZY;INSTITUTION_COLLECTION_MISMATCH"
30.1864,-24.1378,"Laggera crispata",1563251839,"Lekgalameetse Nature Reserve. Gravel road extension of Orrie Baragwanath Pass. Near avocado orchard","ZAF",NA,2008,"PRESERVED_SPECIMEN","GEODETIC_DATUM_ASSUMED_WGS84"
36.36666,-7.86666,"Laggera crispata",1258776818,"Nyumbanitu, Udzungwa Mountains","TZA",NA,1999,"PRESERVED_SPECIMEN","OCCURRENCE_STATUS_INFERRED_FROM_INDIVIDUAL_COUNT;GEODETIC_DATUM_ASSUMED_WGS84;INSTITUTION_MATCH_FUZZY;COLLECTION_MATCH_NONE"
85.2725,27.623889,"Laggera crispata",1697866591,"","NPL",NA,2008,"PRESERVED_SPECIMEN","COORDINATE_ROUNDED;CONTINENT_DERIVED_FROM_COORDINATES;INSTITUTION_MATCH_FUZZY;COLLECTION_MATCH_FUZZY"
1.3533,10.373067,"Laggera crispata",2517750942,"route Natitingou-Tanguieta, environs km 3.","BEN",NA,1999,"PRESERVED_SPECIMEN","INSTITUTION_MATCH_FUZZY;INSTITUTION_COLLECTION_MISMATCH"
38.25,8.066667,"Laggera crispata",2517813873,"Gurage Mountains above Butajira, towards the village Ageta on the track towards Endibis.","ETH",NA,2000,"PRESERVED_SPECIMEN","INSTITUTION_MATCH_FUZZY;INSTITUTION_COLLECTION_MISMATCH"
2.616667,8.033333,"Laggera crispata",2517539985,"Oké Owo.","BEN",NA,1999,"PRESERVED_SPECIMEN","INSTITUTION_MATCH_FUZZY;INSTITUTION_COLLECTION_MISMATCH"
36.25,7.2667,"Laggera crispata",2517504964,"Bonga, between the Catholic Mission and the waterfall.","ETH",NA,1974,"PRESERVED_SPECIMEN","INSTITUTION_MATCH_FUZZY;INSTITUTION_COLLECTION_MISMATCH"
28.7,-1.666667,"Laggera crispata",2517751143,"Kisambo. (Kirambo)","COD",NA,1959,"PRESERVED_SPECIMEN","INSTITUTION_MATCH_FUZZY;INSTITUTION_COLLECTION_MISMATCH"
30.666667,2.166667,"Laggera crispata",2517350536,"Nioka.","COD",NA,1957,"PRESERVED_SPECIMEN","INSTITUTION_MATCH_FUZZY;INSTITUTION_COLLECTION_MISMATCH"
99.302194,18.490667,"Laggera crispata",2517040519,"Thailand, Province Lampoon, district Mae Tah, Doi Kuhn Dahn National Park, Tah Goo Station Area, Hong Hahng Stream Valley; agricultural fields.","THA",NA,1995,"PRESERVED_SPECIMEN","INSTITUTION_MATCH_FUZZY;INSTITUTION_COLLECTION_MISMATCH"
1.5,10.283333,"Laggera crispata",2515962579,"Kotopunga.","BEN",NA,1999,"PRESERVED_SPECIMEN","INSTITUTION_MATCH_FUZZY;INSTITUTION_COLLECTION_MISMATCH"
29.35,-3.533333,"Laggera crispata",2515930434,"Kabezi road vers Karonge.","BDI",NA,1966,"PRESERVED_SPECIMEN","INSTITUTION_MATCH_FUZZY;INSTITUTION_COLLECTION_MISMATCH"
-24.36,16.63806,"Laggera crispata",3707915314,"","CPV",NA,2017,"PRESERVED_SPECIMEN","GEODETIC_DATUM_ASSUMED_WGS84;CONTINENT_DERIVED_FROM_COORDINATES;COLLECTION_MATCH_FUZZY"
-7.05,11.03333,"Laggera crispata",437620395,"Mafele","MLI",NA,1956,"PRESERVED_SPECIMEN","GEODETIC_DATUM_ASSUMED_WGS84;CONTINENT_DERIVED_FROM_COORDINATES;COLLECTION_MATCH_FUZZY"
-24.43417,14.96528,"Laggera crispata",3707926308,"","CPV",NA,2016,"PRESERVED_SPECIMEN","GEODETIC_DATUM_ASSUMED_WGS84;CONTINENT_DERIVED_FROM_COORDINATES;COLLECTION_MATCH_FUZZY"
0.8,7,"Laggera crispata",1898348420,"Pépinière de Séva-TGfruit","TGO",6.4,1978,"HUMAN_OBSERVATION","GEODETIC_DATUM_ASSUMED_WGS84;CONTINENT_DERIVED_FROM_COORDINATES"
1.4,7.4,"Laggera crispata",1898348382,"Okéloukoutou","TGO",6.4,1978,"HUMAN_OBSERVATION","GEODETIC_DATUM_ASSUMED_WGS84;CONTINENT_DERIVED_FROM_COORDINATES"
0.8,8.1,"Laggera crispata",1898348351,"Ranch d'Adélé","TGO",6.4,1987,"HUMAN_OBSERVATION","GEODETIC_DATUM_ASSUMED_WGS84;CONTINENT_DERIVED_FROM_COORDINATES"
31.58333,-7.95,"Laggera crispata",1261305293,"1.0 km S of Mpanda road on Sumbawanga-Mbala (Zambia) highway, on greatly disturbed roadside in red sandy soil.","TZA",NA,1992,"PRESERVED_SPECIMEN","OCCURRENCE_STATUS_INFERRED_FROM_INDIVIDUAL_COUNT;GEODETIC_DATUM_ASSUMED_WGS84;INSTITUTION_MATCH_FUZZY;COLLECTION_MATCH_NONE"
29.766667,-2.483333,"Laggera crispata",1840069445,"Rubona - INEAC","RWA",NA,1958,"PRESERVED_SPECIMEN","GEODETIC_DATUM_ASSUMED_WGS84;CONTINENT_DERIVED_FROM_COORDINATES;INSTITUTION_MATCH_FUZZY;COLLECTION_MATCH_FUZZY"
29.6666,-12.8833,"Laggera crispata",3476761879,"","COD",NA,1971,"PRESERVED_SPECIMEN","GEODETIC_DATUM_ASSUMED_WGS84;CONTINENT_DERIVED_FROM_COORDINATES;COLLECTION_MATCH_NONE"
15.4802,-3.3159,"Laggera crispata",3476761880,"","COG",NA,1989,"PRESERVED_SPECIMEN","GEODETIC_DATUM_ASSUMED_WGS84;CONTINENT_DERIVED_FROM_COORDINATES;COLLECTION_MATCH_NONE"
29.0191,-13.2377,"Laggera crispata",3476763878,"","COD",NA,1971,"PRESERVED_SPECIMEN","GEODETIC_DATUM_ASSUMED_WGS84;CONTINENT_DERIVED_FROM_COORDINATES;COLLECTION_MATCH_NONE"
-9.2845,8.3745,"Laggera crispata",3476763880,"","GIN",NA,1993,"PRESERVED_SPECIMEN","GEODETIC_DATUM_ASSUMED_WGS84;CONTINENT_DERIVED_FROM_COORDINATES;COLLECTION_MATCH_NONE"
28.8479,-2.5123,"Laggera crispata",3476783872,"","COD",NA,1971,"PRESERVED_SPECIMEN","GEODETIC_DATUM_ASSUMED_WGS84;CONTINENT_DERIVED_FROM_COORDINATES;COLLECTION_MATCH_NONE"
93.7707,21.3405,"Laggera crispata",1322148257,"Between Ohn Village and Lone Pan Village, Mindat Township, Natma Taung National Park.","MMR",NA,2014,"PRESERVED_SPECIMEN","GEODETIC_DATUM_ASSUMED_WGS84"
27.933333,-2.9,"Laggera crispata",1840069127,"Mulungu","COD",NA,1958,"PRESERVED_SPECIMEN","GEODETIC_DATUM_ASSUMED_WGS84;CONTINENT_DERIVED_FROM_COORDINATES;INSTITUTION_MATCH_FUZZY;COLLECTION_MATCH_FUZZY"
29.392222,-3.081666,"Laggera crispata",1840069098,"Bubanza","BDI",NA,1969,"PRESERVED_SPECIMEN","GEODETIC_DATUM_ASSUMED_WGS84;CONTINENT_DERIVED_FROM_COORDINATES;INSTITUTION_MATCH_FUZZY;COLLECTION_MATCH_FUZZY"
28.35,-11.45,"Laggera crispata",1840069401,"12 km de Kiniama confluent; Kafubu et Luapula","COD",NA,1987,"PRESERVED_SPECIMEN","GEODETIC_DATUM_ASSUMED_WGS84;CONTINENT_DERIVED_FROM_COORDINATES;INSTITUTION_MATCH_FUZZY;COLLECTION_MATCH_FUZZY"
14.766667,-5.666667,"Laggera crispata",1839982818,"Tungwa. Route de Moerbeke à Luvaka. Territoire de Thysville","COD",NA,1960,"PRESERVED_SPECIMEN","GEODETIC_DATUM_ASSUMED_WGS84;CONTINENT_DERIVED_FROM_COORDINATES;INSTITUTION_MATCH_FUZZY;COLLECTION_MATCH_FUZZY"
25.838611,4.438055,"Laggera crispata",1839982980,"Tukpwo","COD",NA,1954,"PRESERVED_SPECIMEN","GEODETIC_DATUM_ASSUMED_WGS84;CONTINENT_DERIVED_FROM_COORDINATES;INSTITUTION_MATCH_FUZZY;COLLECTION_MATCH_FUZZY"
28.833333,-2.816667,"Laggera crispata",1839982618,"À Nya Kaziba","COD",NA,1952,"PRESERVED_SPECIMEN","GEODETIC_DATUM_ASSUMED_WGS84;CONTINENT_DERIVED_FROM_COORDINATES;INSTITUTION_MATCH_FUZZY;COLLECTION_MATCH_FUZZY"
25.192222,0.510833,"Laggera crispata",1839983016,"Kisangani","COD",NA,1991,"PRESERVED_SPECIMEN","GEODETIC_DATUM_ASSUMED_WGS84;CONTINENT_DERIVED_FROM_COORDINATES;INSTITUTION_MATCH_FUZZY;COLLECTION_MATCH_FUZZY"
30.854757,-29.641258,"Laggera crispata",1839225835,"","ZAF",1,2016,"HUMAN_OBSERVATION","COORDINATE_ROUNDED;CONTINENT_DERIVED_FROM_COORDINATES"
2.312838,9.031319,"Laggera crispata",2989664503,"","BEN",NA,2019,"HUMAN_OBSERVATION","COORDINATE_ROUNDED;CONTINENT_DERIVED_FROM_COORDINATES"
2.19722,8.533365,"Laggera crispata",2989664506,"","BEN",NA,2019,"HUMAN_OBSERVATION","COORDINATE_ROUNDED;CONTINENT_DERIVED_FROM_COORDINATES"
2.302419,8.988763,"Laggera crispata",2989664508,"","BEN",NA,2019,"HUMAN_OBSERVATION","COORDINATE_ROUNDED;CONTINENT_DERIVED_FROM_COORDINATES"
1.774086,8.704684,"Laggera crispata",2989664643,"","BEN",NA,2019,"HUMAN_OBSERVATION","COORDINATE_ROUNDED;CONTINENT_DERIVED_FROM_COORDINATES"
1.807057,7.809712,"Laggera crispata",2989664644,"","BEN",NA,2019,"HUMAN_OBSERVATION","COORDINATE_ROUNDED;CONTINENT_DERIVED_FROM_COORDINATES"
1.810247,7.555767,"Laggera crispata",2989664671,"","BEN",NA,2019,"HUMAN_OBSERVATION","COORDINATE_ROUNDED;CONTINENT_DERIVED_FROM_COORDINATES"
1.634917,8.662184,"Laggera crispata",2989664725,"","BEN",NA,2019,"HUMAN_OBSERVATION","COORDINATE_ROUNDED;CONTINENT_DERIVED_FROM_COORDINATES"
1.724494,8.657147,"Laggera crispata",2989664833,"","BEN",NA,2019,"HUMAN_OBSERVATION","COORDINATE_ROUNDED;CONTINENT_DERIVED_FROM_COORDINATES"
37.95972,-4.22888,"Laggera crispata",4060958318,"T3. South Pare Mountains. Chome Forest Reserve (Shengena Forest). E side of forest reserve above Gonja.","TZA",NA,1999,"PRESERVED_SPECIMEN","OCCURRENCE_STATUS_INFERRED_FROM_INDIVIDUAL_COUNT;GEODETIC_DATUM_ASSUMED_WGS84;INSTITUTION_MATCH_NONE"
35.266,-3.2,"Laggera crispata",47794026,"Ngorongoro Conservation Area. Between Endulen Hospital and Ndiyan. Shrub savanna. Information given by Lepilal Ole Nakuroi, Irking'onde-age group, and Saning'o Siroyan Ole Nakuroi, c. 85 years.","TZA",NA,1993,"PRESERVED_SPECIMEN","GEODETIC_DATUM_ASSUMED_WGS84;COORDINATE_PRECISION_INVALID;INSTITUTION_MATCH_FUZZY;INSTITUTION_COLLECTION_MISMATCH"
35.166,-3.183,"Laggera crispata",47794038,"Ngorongoro Conservation Area, around Endulen, in area recognized as highland osopuko. Collection and information given by Karbebe ole Kareto, irking'onde-agegroup, son of oloiboni","TZA",NA,1993,"PRESERVED_SPECIMEN","GEODETIC_DATUM_ASSUMED_WGS84;INSTITUTION_MATCH_FUZZY;INSTITUTION_COLLECTION_MISMATCH"
87.933333,26.9,"Laggera crispata",1697866568,"","NPL",NA,2012,"PRESERVED_SPECIMEN","COORDINATE_ROUNDED;CONTINENT_DERIVED_FROM_COORDINATES;INSTITUTION_MATCH_FUZZY;COLLECTION_MATCH_FUZZY"
9.68333,5,"Laggera crispata",2452966198,"","CMR",NA,1998,"PRESERVED_SPECIMEN","GEODETIC_DATUM_ASSUMED_WGS84;CONTINENT_DERIVED_FROM_COORDINATES;COLLECTION_MATCH_FUZZY"
103.558611,22.538889,"Laggera crispata",1257530646,"Phong Tho Distr., Sin Suoi Ho Municipality, Sa Ma Pho village.","VNM",NA,2006,"PRESERVED_SPECIMEN","OCCURRENCE_STATUS_INFERRED_FROM_INDIVIDUAL_COUNT;COORDINATE_ROUNDED;GEODETIC_DATUM_ASSUMED_WGS84;INSTITUTION_MATCH_FUZZY;COLLECTION_MATCH_NONE"
33.809938,-10.508469,"Laggera crispata",3033566730,"Along northern loop, Nyika National Park","MWI",NA,2018,"PRESERVED_SPECIMEN","GEODETIC_DATUM_ASSUMED_WGS84;CONTINENT_DERIVED_FROM_COORDINATES;INSTITUTION_MATCH_FUZZY;COLLECTION_MATCH_FUZZY"
30.658611,2.173055,"Laggera crispata",1840068824,"Nioka","COD",NA,1957,"PRESERVED_SPECIMEN","GEODETIC_DATUM_ASSUMED_WGS84;CONTINENT_DERIVED_FROM_COORDINATES;INSTITUTION_MATCH_FUZZY;COLLECTION_MATCH_FUZZY"
18.8,-5.033333,"Laggera crispata",1839982871,"Kikwit/Ndunga","COD",NA,1991,"PRESERVED_SPECIMEN","GEODETIC_DATUM_ASSUMED_WGS84;CONTINENT_DERIVED_FROM_COORDINATES;INSTITUTION_MATCH_FUZZY;COLLECTION_MATCH_FUZZY"
25.691944,3.444444,"Laggera crispata",1839982939,"Bambesa","COD",NA,1961,"PRESERVED_SPECIMEN","GEODETIC_DATUM_ASSUMED_WGS84;CONTINENT_DERIVED_FROM_COORDINATES;INSTITUTION_MATCH_FUZZY;COLLECTION_MATCH_FUZZY"
29.916667,-4.166667,"Laggera crispata",1840069234,"Province: Bururi, Commune: Dunga (Mosso)","BDI",NA,1977,"PRESERVED_SPECIMEN","GEODETIC_DATUM_ASSUMED_WGS84;CONTINENT_DERIVED_FROM_COORDINATES;INSTITUTION_MATCH_FUZZY;COLLECTION_MATCH_FUZZY"
55.49237,-21.20403,"Laggera crispata",3830929264,"","REU",8346,2015,"HUMAN_OBSERVATION","COUNTRY_MISMATCH;CONTINENT_DERIVED_FROM_COORDINATES"
44.13333,13.91667,"Laggera crispata",352037573,"Jiblah","YEM",NA,1995,"PRESERVED_SPECIMEN","GEODETIC_DATUM_ASSUMED_WGS84;INSTITUTION_MATCH_FUZZY;INSTITUTION_COLLECTION_MISMATCH"
3.5,7.666667,"Laggera crispata",1944993283,"Ijaiye Forest Reserve, Ibadan","NGA",NA,1971,"PRESERVED_SPECIMEN","OCCURRENCE_STATUS_INFERRED_FROM_INDIVIDUAL_COUNT;GEODETIC_DATUM_ASSUMED_WGS84;INSTITUTION_MATCH_NONE"
11.833333,8.416667,"Laggera crispata",1944993514,"Mountain mass between R.Kam & R. Kirimi, Adamawa","NGA",NA,1957,"PRESERVED_SPECIMEN","OCCURRENCE_STATUS_INFERRED_FROM_INDIVIDUAL_COUNT;COORDINATE_ROUNDED;GEODETIC_DATUM_ASSUMED_WGS84;INSTITUTION_MATCH_NONE"
8.833333,9.666667,"Laggera crispata",1945000820,"Vom","NGA",NA,1983,"PRESERVED_SPECIMEN","OCCURRENCE_STATUS_INFERRED_FROM_INDIVIDUAL_COUNT;GEODETIC_DATUM_ASSUMED_WGS84;INSTITUTION_MATCH_NONE"
43.88334,13.48333,"Laggera crispata",911792939,"Yemen: Jabal Habaschi. 30 km SW of Ta`izz, between the village Mon`am and the summit of Jabal Schiryaf SE of the village. Rocky slopes, igneous rock. A common plant with violet flowers, between 10 and 200 cm high (along running water). Alt.: 1950-2200 m. 30.3.1997, Leg.: P. Hein & N. Kilian PH 3730.","YEM",NA,1997,"PRESERVED_SPECIMEN","GEODETIC_DATUM_ASSUMED_WGS84;CONTINENT_DERIVED_FROM_COORDINATES;INSTITUTION_MATCH_FUZZY"
44.11666,13.2,"Laggera crispata",911792846,"Yemen: S facing escarpment into Wadi Urbil at the S edge of At Turbah. terraces in the steep escarpment, with trippling water. Alt.: 1750-1600 m. 1.4.1997, Leg.: N. Kilian & P. Hein NK 4705.","YEM",NA,1997,"PRESERVED_SPECIMEN","GEODETIC_DATUM_ASSUMED_WGS84;CONTINENT_DERIVED_FROM_COORDINATES;ELEVATION_MIN_MAX_SWAPPED;INSTITUTION_MATCH_FUZZY"
44.05,13.53333,"Laggera crispata",911792858,"Yemen: Jabal Sabir. S of Ta`izz, near the village Al Arus. On rocky slopes, granitic substrate [BGBM-Akz-Nr.: 162-19-96-10]. Alt.: 2850-3000 m. 6.3.1996, Leg.: P. Hein & E. von Raab-Straube PH 102.","YEM",NA,1996,"PRESERVED_SPECIMEN","GEODETIC_DATUM_ASSUMED_WGS84;CONTINENT_DERIVED_FROM_COORDINATES;INSTITUTION_MATCH_FUZZY"
99.951049,26.11116,"Laggera crispata",1030808587,"三营东山煤矿","CHN",NA,1975,"PRESERVED_SPECIMEN","COORDINATE_ROUNDED;GEODETIC_DATUM_ASSUMED_WGS84;CONTINENT_DERIVED_FROM_COORDINATES;INSTITUTION_MATCH_FUZZY;COLLECTION_MATCH_NONE"
30.273265,-29.473703,"Laggera crispata",2823326315,"","ZAF",1,2016,"HUMAN_OBSERVATION","COORDINATE_ROUNDED;CONTINENT_DERIVED_FROM_COORDINATES"
-8.633333,8.683333,"Laggera crispata",1427424477,"Kourandou Monts, Moussadou to Famoila.","GIN",NA,2008,"PRESERVED_SPECIMEN","COORDINATE_ROUNDED;GEODETIC_DATUM_ASSUMED_WGS84;CONTINENT_DERIVED_FROM_COORDINATES;INSTITUTION_MATCH_NONE"
31.117881,-25.803612,"Laggera crispata",3888963080,"","ZAF",1224,2022,"HUMAN_OBSERVATION","COORDINATE_ROUNDED;CONTINENT_DERIVED_FROM_COORDINATES"
11.615498,7.542421,"Laggera crispata",3808441239,"Gashaka Gumti, National Park.","NGA",NA,2016,"PRESERVED_SPECIMEN","COORDINATE_ROUNDED;GEODETIC_DATUM_ASSUMED_WGS84;INSTITUTION_MATCH_FUZZY;COLLECTION_MATCH_NONE;MULTIMEDIA_DATE_INVALID"
1.3,10.35,"Laggera crispata",3046118108,"Tipéti","BEN",NA,2000,"PRESERVED_SPECIMEN","GEODETIC_DATUM_ASSUMED_WGS84;CONTINENT_DERIVED_FROM_COORDINATES;INSTITUTION_MATCH_FUZZY;INSTITUTION_COLLECTION_MISMATCH"
1.7,11.866667,"Laggera crispata",3046113747,"Piste Namounou - Yobri","BFA",NA,1990,"PRESERVED_SPECIMEN","COORDINATE_ROUNDED;GEODETIC_DATUM_ASSUMED_WGS84;CONTINENT_DERIVED_FROM_COORDINATES;INSTITUTION_MATCH_FUZZY;INSTITUTION_COLLECTION_MISMATCH"
47.533472,-20.557167,"Laggera crispata",1847965354,"Près du village de Fenomanta","MDG",NA,2012,"PRESERVED_SPECIMEN","COORDINATE_ROUNDED;INSTITUTION_MATCH_FUZZY;COLLECTION_MATCH_FUZZY"
47.477278,-20.546111,"Laggera crispata",1835974471,"Ambohimitombo II, Ranomena, aux environs du village.","MDG",NA,2011,"PRESERVED_SPECIMEN","COORDINATE_ROUNDED;INSTITUTION_MATCH_FUZZY;COLLECTION_MATCH_FUZZY"
1.952216,7.565295,"Laggera crispata",3311151680,"Monts Kouffè","BEN",NA,2019,"HUMAN_OBSERVATION","COORDINATE_ROUNDED;CONTINENT_DERIVED_FROM_COORDINATES"
2.046595,8.820651,"Laggera crispata",3311151836,"Monts Kouffè","BEN",NA,2019,"HUMAN_OBSERVATION","COORDINATE_ROUNDED;CONTINENT_DERIVED_FROM_COORDINATES"
11.063747,7.085306,"Laggera crispata",1288075897,"Taraba State, Sardauna Province;Ngel Nyaki Forest Reserve","NGA",NA,2012,"HUMAN_OBSERVATION","COORDINATE_ROUNDED;GEODETIC_DATUM_ASSUMED_WGS84;CONTINENT_DERIVED_FROM_COORDINATES"
29.935808,-25.547583,"Laggera crispata",2823328337,"","ZAF",4,2019,"HUMAN_OBSERVATION","COORDINATE_ROUNDED;CONTINENT_DERIVED_FROM_COORDINATES"
41.666667,9.416667,"Laggera crispata",2515976587,"c. 3 km W. of Kulubi.","ETH",NA,1969,"PRESERVED_SPECIMEN","INSTITUTION_MATCH_FUZZY;INSTITUTION_COLLECTION_MISMATCH"
28.833333,-1.55,"Laggera crispata",2515692286,"Kibabi.","COD",NA,1959,"PRESERVED_SPECIMEN","INSTITUTION_MATCH_FUZZY;INSTITUTION_COLLECTION_MISMATCH"
98.933333,19.35,"Laggera crispata",2516750518,"Thailand, Province: Chiang Mai, District: Chiang Dao, Doi Chiang Dao, SE. side above Ban Yang Pong Luang.","THA",NA,1989,"PRESERVED_SPECIMEN","INSTITUTION_MATCH_FUZZY;INSTITUTION_COLLECTION_MISMATCH"
99.083333,19.75,"Laggera crispata",2515060099,"Thailand, Pah Hom Pok.","THA",NA,1958,"PRESERVED_SPECIMEN","INSTITUTION_MATCH_FUZZY;INSTITUTION_COLLECTION_MISMATCH"
2.5,9.083333,"Laggera crispata",2517729902,"Kenoukpanou.","BEN",NA,1998,"PRESERVED_SPECIMEN","INSTITUTION_MATCH_FUZZY;INSTITUTION_COLLECTION_MISMATCH"
98.833333,19.583333,"Laggera crispata",2515031686,"Thailand, Province: Chiang Mai, District: Mae Dtan, Pah Dang (Red Lahu) village, southern base of Doi Fah Pah; Geut Chang Subdistrict.","THA",NA,2002,"PRESERVED_SPECIMEN","INSTITUTION_MATCH_FUZZY;INSTITUTION_COLLECTION_MISMATCH"
8.833333,3.533333,"Laggera crispata",2516063293,"Malabo - Riaba, puente sobre el río Cope.","GNQ",NA,1989,"PRESERVED_SPECIMEN","INSTITUTION_MATCH_FUZZY;INSTITUTION_COLLECTION_MISMATCH"
102.12,26.88,"Laggera crispata",4043918618,"","CHN",NA,1958,"PRESERVED_SPECIMEN","COUNTRY_INVALID;GEODETIC_DATUM_ASSUMED_WGS84;CONTINENT_DERIVED_FROM_COORDINATES;INSTITUTION_MATCH_FUZZY;COLLECTION_MATCH_NONE"
30.923786,-25.783889,"Laggera crispata",3759311203,"","ZAF",NA,2022,"HUMAN_OBSERVATION","COORDINATE_ROUNDED;CONTINENT_DERIVED_FROM_COORDINATES"
-2.105,7.665,"Laggera crispata",4061585932,"Between Wenchi and Sunyani.","GHA",NA,1995,"PRESERVED_SPECIMEN","OCCURRENCE_STATUS_INFERRED_FROM_INDIVIDUAL_COUNT;GEODETIC_DATUM_ASSUMED_WGS84;INSTITUTION_MATCH_NONE"
1.469444,10.322222,"Laggera crispata",2517503992,"near hydroelectric plant of Yeripao.","BEN",NA,1999,"PRESERVED_SPECIMEN","INSTITUTION_MATCH_FUZZY;INSTITUTION_COLLECTION_MISMATCH"
2.695556,9.742222,"Laggera crispata",2515970562,"Tamarou.","BEN",NA,1999,"PRESERVED_SPECIMEN","INSTITUTION_MATCH_FUZZY;INSTITUTION_COLLECTION_MISMATCH"
35.583333,-3.166667,"Laggera crispata",2515295450,"Flora Africae Trpicae. Tanzania. Ngorongoro-krater, onder in de krater.","TZA",NA,1968,"PRESERVED_SPECIMEN","INSTITUTION_MATCH_FUZZY;INSTITUTION_COLLECTION_MISMATCH"
39.073833,6.993,"Laggera crispata",2517747920,"Dodola to Shashamene, 1.5 km W of Dodola.","ETH",NA,2013,"PRESERVED_SPECIMEN","INSTITUTION_MATCH_FUZZY;INSTITUTION_COLLECTION_MISMATCH"
-8.906944,8.555278,"Laggera crispata",2515985263,"Simandou range, north of Pic de Fon, Pic de Dabatini. Platform just north of the summit.","GIN",NA,2008,"PRESERVED_SPECIMEN","INSTITUTION_MATCH_FUZZY;INSTITUTION_COLLECTION_MISMATCH"
37.35,5.633333,"Laggera crispata",2517446159,"c. 3 km NW of Ghidole.","ETH",NA,1997,"PRESERVED_SPECIMEN","INSTITUTION_MATCH_FUZZY;INSTITUTION_COLLECTION_MISMATCH"
2.502778,7.475,"Laggera crispata",2515919079,"9 km E of Aguigadji, forêt classée de Kétou, near 'Essais vitrines sur les impacts des feux de brousse sur les formations végétales', site Adakplamè.","BEN",NA,1998,"PRESERVED_SPECIMEN","INSTITUTION_MATCH_FUZZY;INSTITUTION_COLLECTION_MISMATCH"
29.48561,-25.087092,"Laggera crispata",3343874418,"","ZAF",10,2021,"HUMAN_OBSERVATION","COORDINATE_ROUNDED;CONTINENT_DERIVED_FROM_COORDINATES"
110.351669,25.175621,"Laggera crispata",1031017175,"雁山附近","CHN",NA,1963,"PRESERVED_SPECIMEN","COORDINATE_ROUNDED;GEODETIC_DATUM_ASSUMED_WGS84;CONTINENT_DERIVED_FROM_COORDINATES;INSTITUTION_MATCH_FUZZY;COLLECTION_MATCH_NONE"
100.79926,22.010889,"Laggera crispata",1031017126,"植物园","CHN",NA,1964,"PRESERVED_SPECIMEN","COORDINATE_ROUNDED;GEODETIC_DATUM_ASSUMED_WGS84;CONTINENT_DERIVED_FROM_COORDINATES;INSTITUTION_MATCH_FUZZY;COLLECTION_MATCH_NONE"
30.216667,1.55,"Laggera crispata",1840068867,"Bunia, près de l'aéroport","COD",NA,1978,"PRESERVED_SPECIMEN","GEODETIC_DATUM_ASSUMED_WGS84;CONTINENT_DERIVED_FROM_COORDINATES;INSTITUTION_MATCH_FUZZY;COLLECTION_MATCH_FUZZY"
27.952025,-25.678695,"Laggera crispata",3314308976,"","ZAF",10,2021,"HUMAN_OBSERVATION","CONTINENT_DERIVED_FROM_COORDINATES"
29.68866,-28.70587,"Laggera crispata",1850897600,"","ZAF",1,2016,"HUMAN_OBSERVATION","CONTINENT_DERIVED_FROM_COORDINATES"
103.27,23.72,"Laggera crispata",4044891189,"","CHN",NA,1980,"PRESERVED_SPECIMEN","COUNTRY_INVALID;GEODETIC_DATUM_ASSUMED_WGS84;CONTINENT_DERIVED_FROM_COORDINATES;INSTITUTION_MATCH_FUZZY;COLLECTION_MATCH_NONE"
101.57,21.48,"Laggera crispata",4045381364,"","CHN",NA,1978,"PRESERVED_SPECIMEN","COUNTRY_INVALID;GEODETIC_DATUM_ASSUMED_WGS84;CONTINENT_DERIVED_FROM_COORDINATES;INSTITUTION_MATCH_FUZZY;COLLECTION_MATCH_NONE"
110.08,23.4,"Laggera crispata",4043114646,"","CHN",NA,1960,"PRESERVED_SPECIMEN","COUNTRY_INVALID;GEODETIC_DATUM_ASSUMED_WGS84;CONTINENT_DERIVED_FROM_COORDINATES;INSTITUTION_MATCH_FUZZY;COLLECTION_MATCH_NONE"
105.1,24.5,"Laggera crispata",4043094190,"","CHN",NA,1964,"PRESERVED_SPECIMEN","COUNTRY_INVALID;GEODETIC_DATUM_ASSUMED_WGS84;CONTINENT_DERIVED_FROM_COORDINATES;INSTITUTION_MATCH_FUZZY;COLLECTION_MATCH_NONE"
110.2,25.23,"Laggera crispata",4043277184,"","CHN",NA,1955,"PRESERVED_SPECIMEN","COUNTRY_INVALID;GEODETIC_DATUM_ASSUMED_WGS84;CONTINENT_DERIVED_FROM_COORDINATES;INSTITUTION_MATCH_FUZZY;COLLECTION_MATCH_NONE"
102.47,25.55,"Laggera crispata",4043314235,"","CHN",NA,1952,"PRESERVED_SPECIMEN","COUNTRY_INVALID;GEODETIC_DATUM_ASSUMED_WGS84;CONTINENT_DERIVED_FROM_COORDINATES;INSTITUTION_MATCH_FUZZY;COLLECTION_MATCH_NONE"
100.45,21.97,"Laggera crispata",4044706125,"","CHN",NA,1957,"PRESERVED_SPECIMEN","COUNTRY_INVALID;GEODETIC_DATUM_ASSUMED_WGS84;CONTINENT_DERIVED_FROM_COORDINATES;INSTITUTION_MATCH_FUZZY;COLLECTION_MATCH_NONE"
105.62,23.63,"Laggera crispata",4043363614,"","CHN",NA,1958,"PRESERVED_SPECIMEN","COUNTRY_INVALID;GEODETIC_DATUM_ASSUMED_WGS84;CONTINENT_DERIVED_FROM_COORDINATES;INSTITUTION_MATCH_FUZZY;COLLECTION_MATCH_NONE"
25.45,-10.5,"Laggera crispata",3478079760,"","COD",NA,1971,"PRESERVED_SPECIMEN","GEODETIC_DATUM_ASSUMED_WGS84;CONTINENT_DERIVED_FROM_COORDINATES;COLLECTION_MATCH_NONE"
-11.6669,10.15,"Laggera crispata",3476788882,"","GIN",NA,1979,"PRESERVED_SPECIMEN","GEODETIC_DATUM_ASSUMED_WGS84;CONTINENT_DERIVED_FROM_COORDINATES;COLLECTION_MATCH_NONE"
28.6887,-2.25,"Laggera crispata",3478076805,"","COD",NA,1971,"PRESERVED_SPECIMEN","GEODETIC_DATUM_ASSUMED_WGS84;CONTINENT_DERIVED_FROM_COORDINATES;COLLECTION_MATCH_NONE"
28.5762,-10.199,"Laggera crispata",3478144768,"","COD",NA,1969,"PRESERVED_SPECIMEN","GEODETIC_DATUM_ASSUMED_WGS84;CONTINENT_DERIVED_FROM_COORDINATES;COLLECTION_MATCH_NONE"
29.5157,3.7507,"Laggera crispata",3476785835,"","COD",NA,1972,"PRESERVED_SPECIMEN","GEODETIC_DATUM_ASSUMED_WGS84;CONTINENT_DERIVED_FROM_COORDINATES;COLLECTION_MATCH_NONE"
10.0533,5.4439,"Laggera crispata",3476785837,"","CMR",NA,1986,"PRESERVED_SPECIMEN","GEODETIC_DATUM_ASSUMED_WGS84;CONTINENT_DERIVED_FROM_COORDINATES;COLLECTION_MATCH_NONE"
101.585258,21.728834,"Laggera crispata",2644138027,"","CHN",NA,2019,"HUMAN_OBSERVATION","COORDINATE_ROUNDED;COUNTRY_DERIVED_FROM_COORDINATES;CONTINENT_DERIVED_FROM_COORDINATES"
31.05302,-27.546408,"Laggera crispata",4022239702,"","ZAF",3,2022,"HUMAN_OBSERVATION","COORDINATE_ROUNDED;CONTINENT_DERIVED_FROM_COORDINATES"
-2.11,7.67,"Laggera crispata",1890132722,"","GHA",NA,1995,"HUMAN_OBSERVATION","CONTINENT_DERIVED_FROM_COORDINATES"
0.083333,7.6,"Laggera crispata",1890132682,"","GHA",NA,1958,"HUMAN_OBSERVATION","COORDINATE_ROUNDED;CONTINENT_DERIVED_FROM_COORDINATES"
0.6,8.3,"Laggera crispata",1890132646,"","GHA",NA,1965,"HUMAN_OBSERVATION","CONTINENT_DERIVED_FROM_COORDINATES"
-1.366667,7.383333,"Laggera crispata",1890132718,"","GHA",NA,1953,"HUMAN_OBSERVATION","COORDINATE_ROUNDED;CONTINENT_DERIVED_FROM_COORDINATES"
-2.1,7.916667,"Laggera crispata",1890132685,"","GHA",NA,1954,"HUMAN_OBSERVATION","COORDINATE_ROUNDED;CONTINENT_DERIVED_FROM_COORDINATES"
31.4425,-1.14,"Laggera crispata",4060975124,"T1. Minziro Forest Reserve, Mabuye Village, Itara Subvillage, W of Minziro Village forest, forest margin and Itara Hill area in forest disturbed by timber harvesting.","TZA",NA,2001,"PRESERVED_SPECIMEN","OCCURRENCE_STATUS_INFERRED_FROM_INDIVIDUAL_COUNT;GEODETIC_DATUM_ASSUMED_WGS84;INSTITUTION_MATCH_NONE"
36.57583,-6.92138,"Laggera crispata",4061780815,"T5. Kibakwe Division, Mbuga Ward, Mbuga Village, Rubeho Mountains, Mafwemera Ward, ca. 3.5 km W of Thom Bayerner Hill, along valley facing NE, ca. 2 km W of foot track to Kakwandali Subvillage from Mafwemera facing Lumuma. Forest and forest edge dominated by Maesa lanceolata, Vepris sp., Neoboutonia macrocalyx, Albizia sp., Trema orientalis and Phoenix reclinata, with rock outcrops.","TZA",NA,2005,"PRESERVED_SPECIMEN","OCCURRENCE_STATUS_INFERRED_FROM_INDIVIDUAL_COUNT;GEODETIC_DATUM_ASSUMED_WGS84;INSTITUTION_MATCH_NONE"
9.68,4.82,"Laggera crispata",912154244,"Farm bush through secondary forest to primary forest.","CMR",NA,1996,"PRESERVED_SPECIMEN","GEODETIC_DATUM_ASSUMED_WGS84;CONTINENT_DERIVED_FROM_COORDINATES;INSTITUTION_MATCH_FUZZY;COLLECTION_MATCH_FUZZY"
106.17,25.25,"Laggera crispata",2417633673,"","CHN",NA,1960,"PRESERVED_SPECIMEN","GEODETIC_DATUM_ASSUMED_WGS84;CONTINENT_DERIVED_FROM_COORDINATES;INSTITUTION_MATCH_FUZZY;COLLECTION_MATCH_NONE"
102.53,27.37,"Laggera crispata",2417626447,"","CHN",NA,1959,"PRESERVED_SPECIMEN","GEODETIC_DATUM_ASSUMED_WGS84;CONTINENT_DERIVED_FROM_COORDINATES;INSTITUTION_MATCH_FUZZY;COLLECTION_MATCH_NONE"
107.2,24.16,"Laggera crispata",2417547429,"","CHN",NA,1958,"PRESERVED_SPECIMEN","GEODETIC_DATUM_ASSUMED_WGS84;CONTINENT_DERIVED_FROM_COORDINATES;INSTITUTION_MATCH_FUZZY;COLLECTION_MATCH_NONE"
38.33,4.08,"Laggera crispata",1096815361,"S. Ethiopia. Mega. Near wells.","ETH",NA,1952,"PRESERVED_SPECIMEN","GEODETIC_DATUM_ASSUMED_WGS84;INSTITUTION_COLLECTION_MISMATCH"
25.366667,5.366667,"Laggera crispata",1257632335,"Zemio/Kitessa gine Mbomu","CAF",NA,1995,"PRESERVED_SPECIMEN","OCCURRENCE_STATUS_INFERRED_FROM_INDIVIDUAL_COUNT;COORDINATE_ROUNDED;GEODETIC_DATUM_ASSUMED_WGS84;INSTITUTION_MATCH_FUZZY;COLLECTION_MATCH_NONE"
-8.606944,8.903333,"Laggera crispata",4066478988,"Kourandou Monts. Moussadou to Famoila.","GIN",NA,2008,"PRESERVED_SPECIMEN","COORDINATE_ROUNDED;CONTINENT_DERIVED_FROM_COORDINATES;AMBIGUOUS_INSTITUTION"
10.83,4.76,"Laggera crispata",4066413375,"Massif de Nkohom entre Ndom et Ndambok, à 40 km au sud de Ndikinimeki.","CMR",NA,1971,"PRESERVED_SPECIMEN","CONTINENT_DERIVED_FROM_COORDINATES;INSTITUTION_MATCH_FUZZY;COLLECTION_MATCH_NONE"
10.23,6.05,"Laggera crispata",4066409396,"Bambui","CMR",NA,1961,"PRESERVED_SPECIMEN","CONTINENT_DERIVED_FROM_COORDINATES;INSTITUTION_MATCH_FUZZY;COLLECTION_MATCH_NONE"
10.43,6.25,"Laggera crispata",4066506394,"Elak","CMR",NA,1996,"PRESERVED_SPECIMEN","CONTINENT_DERIVED_FROM_COORDINATES;INSTITUTION_MATCH_FUZZY;COLLECTION_MATCH_NONE"
10.28,5.28,"Laggera crispata",4066416381,"Batie","CMR",NA,1952,"PRESERVED_SPECIMEN","CONTINENT_DERIVED_FROM_COORDINATES;INSTITUTION_MATCH_FUZZY;COLLECTION_MATCH_NONE"
9.66,5,"Laggera crispata",4066411386,"Kodmin","CMR",NA,1998,"PRESERVED_SPECIMEN","CONTINENT_DERIVED_FROM_COORDINATES;INSTITUTION_MATCH_FUZZY;COLLECTION_MATCH_NONE"
10.41,6.16,"Laggera crispata",4066409400,"Piste d'Acha - Abaw, au lac Oku, 40km NE Bamenda. IGN Nkambe.","CMR",NA,1974,"PRESERVED_SPECIMEN","CONTINENT_DERIVED_FROM_COORDINATES;INSTITUTION_MATCH_FUZZY;COLLECTION_MATCH_NONE"
10.06,6.38,"Laggera crispata",4066508372,"Lac Enep près Bélifang (10 Km SW Wum). IGN Nkambe.","CMR",NA,1974,"PRESERVED_SPECIMEN","CONTINENT_DERIVED_FROM_COORDINATES;INSTITUTION_MATCH_FUZZY;COLLECTION_MATCH_NONE"
11.616667,-0.116667,"Laggera crispata",4066488476,"Réserve de la Lopé, shrubby savannah, under a Nauclea latifolia.","GAB",NA,1986,"PRESERVED_SPECIMEN","COORDINATE_ROUNDED;CONTINENT_DERIVED_FROM_COORDINATES;INSTITUTION_MATCH_NONE"
3.03333,9.08333,"Laggera crispata",4066465580,"Daroukparou","BEN",NA,1999,"PRESERVED_SPECIMEN","CONTINENT_DERIVED_FROM_COORDINATES;INSTITUTION_MATCH_NONE"
13.06,8.53,"Laggera crispata",4066507395,"Hosséré Godé, 16 Km WNW Poli. IGN Poli.","CMR",NA,1978,"PRESERVED_SPECIMEN","CONTINENT_DERIVED_FROM_COORDINATES;INSTITUTION_MATCH_FUZZY;COLLECTION_MATCH_NONE"
1.05,10.28333,"Laggera crispata",4066537509,"Kotopunga","BEN",NA,1999,"PRESERVED_SPECIMEN","CONTINENT_DERIVED_FROM_COORDINATES;INSTITUTION_MATCH_NONE"
12.63,6.46,"Laggera crispata",4066415397,"At Kandje 30.2 Km NE of Tibati","CMR",NA,1982,"PRESERVED_SPECIMEN","CONTINENT_DERIVED_FROM_COORDINATES;INSTITUTION_MATCH_FUZZY;COLLECTION_MATCH_NONE"
2.18333,9.3,"Laggera crispata",4066449113,"Kpessou","BEN",NA,1999,"PRESERVED_SPECIMEN","CONTINENT_DERIVED_FROM_COORDINATES;INSTITUTION_MATCH_NONE"
10.26,5.15,"Laggera crispata",4066507394,"Bana","CMR",NA,1970,"PRESERVED_SPECIMEN","CONTINENT_DERIVED_FROM_COORDINATES;INSTITUTION_MATCH_FUZZY;COLLECTION_MATCH_NONE"
33.023,-19.875,"Laggera crispata",1989824115,"","ZWE",NA,1966,"PRESERVED_SPECIMEN","COUNTRY_DERIVED_FROM_COORDINATES;GEODETIC_DATUM_ASSUMED_WGS84;CONTINENT_DERIVED_FROM_COORDINATES"
107.07,22.13,"Laggera crispata",4044340205,"","CHN",NA,1977,"PRESERVED_SPECIMEN","COUNTRY_INVALID;GEODETIC_DATUM_ASSUMED_WGS84;CONTINENT_DERIVED_FROM_COORDINATES;INSTITUTION_MATCH_FUZZY;COLLECTION_MATCH_NONE"
102.4,23,"Laggera crispata",4043315206,"","CHN",NA,1974,"PRESERVED_SPECIMEN","COUNTRY_INVALID;GEODETIC_DATUM_ASSUMED_WGS84;CONTINENT_DERIVED_FROM_COORDINATES;INSTITUTION_MATCH_FUZZY;COLLECTION_MATCH_NONE"
99.46,22.25,"Laggera crispata",4044897879,"","CHN",NA,2007,"PRESERVED_SPECIMEN","COUNTRY_INVALID;GEODETIC_DATUM_ASSUMED_WGS84;CONTINENT_DERIVED_FROM_COORDINATES;INSTITUTION_MATCH_NONE"
101.68,23.43,"Laggera crispata",4043323693,"","CHN",NA,1958,"PRESERVED_SPECIMEN","COUNTRY_INVALID;GEODETIC_DATUM_ASSUMED_WGS84;CONTINENT_DERIVED_FROM_COORDINATES;INSTITUTION_MATCH_FUZZY;COLLECTION_MATCH_NONE"
111.23,23.42,"Laggera crispata",4043104549,"","CHN",NA,1960,"PRESERVED_SPECIMEN","COUNTRY_INVALID;GEODETIC_DATUM_ASSUMED_WGS84;CONTINENT_DERIVED_FROM_COORDINATES;INSTITUTION_MATCH_FUZZY;COLLECTION_MATCH_NONE"
110.52,24.2,"Laggera crispata",4043095263,"","CHN",NA,1977,"PRESERVED_SPECIMEN","COUNTRY_INVALID;GEODETIC_DATUM_ASSUMED_WGS84;CONTINENT_DERIVED_FROM_COORDINATES;INSTITUTION_MATCH_FUZZY;COLLECTION_MATCH_NONE"
98.3,24.82,"Laggera crispata",4044666940,"","CHN",NA,1978,"PRESERVED_SPECIMEN","COUNTRY_INVALID;GEODETIC_DATUM_ASSUMED_WGS84;CONTINENT_DERIVED_FROM_COORDINATES;INSTITUTION_MATCH_FUZZY;COLLECTION_MATCH_NONE"
105.47,25.12,"Laggera crispata",4043055882,"","CHN",NA,1960,"PRESERVED_SPECIMEN","COUNTRY_INVALID;GEODETIC_DATUM_ASSUMED_WGS84;CONTINENT_DERIVED_FROM_COORDINATES;INSTITUTION_MATCH_FUZZY;COLLECTION_MATCH_NONE"
103.98,24.83,"Laggera crispata",4044475904,"","CHN",NA,1977,"PRESERVED_SPECIMEN","COUNTRY_INVALID;GEODETIC_DATUM_ASSUMED_WGS84;CONTINENT_DERIVED_FROM_COORDINATES;INSTITUTION_MATCH_FUZZY;COLLECTION_MATCH_NONE"
9.23,4.15,"Laggera crispata",912110151,"","CMR",NA,1957,"PRESERVED_SPECIMEN","GEODETIC_DATUM_ASSUMED_WGS84;CONTINENT_DERIVED_FROM_COORDINATES;INSTITUTION_MATCH_FUZZY;COLLECTION_MATCH_FUZZY"
9.97,5.64,"Laggera crispata",912428195,"Ntoo forest at Fosimondi Forest.","CMR",NA,2006,"PRESERVED_SPECIMEN","GEODETIC_DATUM_ASSUMED_WGS84;CONTINENT_DERIVED_FROM_COORDINATES;INSTITUTION_MATCH_FUZZY;COLLECTION_MATCH_FUZZY"
10.03,6.3,"Laggera crispata",912110153,"Lac Enep, pres Belifang (10km SW. Wum), feuille IGN 1/200.000 Nkambe.","CMR",NA,1974,"PRESERVED_SPECIMEN","GEODETIC_DATUM_ASSUMED_WGS84;CONTINENT_DERIVED_FROM_COORDINATES;INSTITUTION_MATCH_FUZZY;COLLECTION_MATCH_FUZZY"
10.08,5.82,"Laggera crispata",912574951,"Bali Ngemba forest Reserve, en allant au sommet du Mont, à Turkop.","CMR",NA,2000,"PRESERVED_SPECIMEN","GEODETIC_DATUM_ASSUMED_WGS84;CONTINENT_DERIVED_FROM_COORDINATES;INSTITUTION_MATCH_FUZZY;COLLECTION_MATCH_FUZZY"
30.16,-1.26,"Laggera crispata",1098572532,"Mimuli","RWA",NA,1958,"PRESERVED_SPECIMEN","CONTINENT_DERIVED_FROM_COORDINATES;INSTITUTION_MATCH_FUZZY;COLLECTION_MATCH_NONE"
29.12,-2.29,"Laggera crispata",1098572761,"Uwinka","RWA",NA,1960,"PRESERVED_SPECIMEN","CONTINENT_DERIVED_FROM_COORDINATES;INSTITUTION_MATCH_FUZZY;COLLECTION_MATCH_NONE"
1.97575,9.133333,"Laggera crispata",2237133601,"Aguimo","BEN",NA,2005,"HUMAN_OBSERVATION","COORDINATE_ROUNDED;GEODETIC_DATUM_ASSUMED_WGS84"
30.49848,-30.678712,"Laggera crispata",2818749525,"","ZAF",10,2020,"HUMAN_OBSERVATION","COORDINATE_ROUNDED;CONTINENT_DERIVED_FROM_COORDINATES"
29.459398,-24.026966,"Laggera crispata",3912161503,"","ZAF",31,2022,"HUMAN_OBSERVATION","COORDINATE_ROUNDED;CONTINENT_DERIVED_FROM_COORDINATES"
14.99944,-7.58889,"Laggera crispata",3855136451,"künftiges Gelände des Botanischen Gartens, Restwald in einer Senke im Grasland","AGO",NA,2013,"PRESERVED_SPECIMEN","CONTINENT_DERIVED_FROM_COORDINATES;INSTITUTION_MATCH_FUZZY;COLLECTION_MATCH_NONE"
35.193889,-8.75,"Laggera crispata",2517710439,"Iringa: Mufindi District, Mihago riverine forest patch, S of Kigogo Forest.","TZA",NA,2008,"PRESERVED_SPECIMEN","INSTITUTION_MATCH_FUZZY;INSTITUTION_COLLECTION_MISMATCH"
-13.125,8.333333,"Laggera crispata",2517530011,"Guma Dam, Peninsula.","SLE",NA,1965,"PRESERVED_SPECIMEN","INSTITUTION_MATCH_FUZZY;INSTITUTION_COLLECTION_MISMATCH"
-11.166667,9.216667,"Laggera crispata",2234859815,"Kabala, Monts Loma, Flanc de montagne","SLE",NA,2008,"PRESERVED_SPECIMEN","OCCURRENCE_STATUS_INFERRED_FROM_INDIVIDUAL_COUNT;COORDINATE_ROUNDED;GEODETIC_DATUM_ASSUMED_WGS84;INSTITUTION_MATCH_FUZZY;COLLECTION_MATCH_FUZZY"
-7,7.116667,"Laggera crispata",2234859298,"Daloa, F.C. du Haut-Sassandra, Centre","CIV",NA,1994,"PRESERVED_SPECIMEN","OCCURRENCE_STATUS_INFERRED_FROM_INDIVIDUAL_COUNT;COORDINATE_ROUNDED;GEODETIC_DATUM_ASSUMED_WGS84;INSTITUTION_MATCH_FUZZY;COLLECTION_MATCH_FUZZY"
-7.88333,7.75,"Laggera crispata",2234859884,"Biankouma, Gangbapleu, Sipilou","CIV",NA,2012,"PRESERVED_SPECIMEN","OCCURRENCE_STATUS_INFERRED_FROM_INDIVIDUAL_COUNT;GEODETIC_DATUM_ASSUMED_WGS84;INSTITUTION_MATCH_FUZZY;COLLECTION_MATCH_FUZZY"
0.36,8.18,"Laggera crispata",2252226902,"Shiare","GHA",NA,1965,"PRESERVED_SPECIMEN","GEODETIC_DATUM_ASSUMED_WGS84;CONTINENT_DERIVED_FROM_COORDINATES"
-1.22,7.23,"Laggera crispata",2252226387,"Ejura R.H.","GHA",NA,1953,"PRESERVED_SPECIMEN","GEODETIC_DATUM_ASSUMED_WGS84;PRESUMED_NEGATED_LONGITUDE;CONTINENT_DERIVED_FROM_COORDINATES"
0.05,7.36,"Laggera crispata",2252226465,"Otisu","GHA",NA,1958,"PRESERVED_SPECIMEN","GEODETIC_DATUM_ASSUMED_WGS84;CONTINENT_DERIVED_FROM_COORDINATES"
-8.935556,9.154444,"Laggera crispata",2515781811,"Simandou North, mountain range, around Damaro, Plot 2.","GIN",NA,2012,"PRESERVED_SPECIMEN","INSTITUTION_MATCH_FUZZY;INSTITUTION_COLLECTION_MISMATCH"
35.216667,7.283333,"Laggera crispata",2516080450,"c. 35 km from the Tepi-Goré road towards Goddare mission.","ETH",NA,2000,"PRESERVED_SPECIMEN","INSTITUTION_MATCH_FUZZY;INSTITUTION_COLLECTION_MISMATCH"
97.916667,18.166667,"Laggera crispata",2514922104,"Thailand, Mae Hawng Sawn Prov., Mae Sariang dist., upper banks of the Moei River, Mae Sariang.","THA",NA,2001,"PRESERVED_SPECIMEN","INSTITUTION_MATCH_FUZZY;INSTITUTION_COLLECTION_MISMATCH"
2.65506,8.57239,"Laggera crispata",1271919374,"Kilibo","BEN",NA,2013,"HUMAN_OBSERVATION","RECORDED_DATE_INVALID;GEODETIC_DATUM_ASSUMED_WGS84;COORDINATE_PRECISION_INVALID"
2.101151,8.567351,"Laggera crispata",3000948329,"Monts Kouffè","BEN",NA,2019,"HUMAN_OBSERVATION","COORDINATE_ROUNDED;CONTINENT_DERIVED_FROM_COORDINATES"
28.49,-2.18,"Laggera crispata",1835599915,"Muhungu","COD",NA,1981,"PRESERVED_SPECIMEN","CONTINENT_DERIVED_FROM_COORDINATES;INSTITUTION_MATCH_FUZZY;COLLECTION_MATCH_NONE;MULTIMEDIA_URI_INVALID"
27.35,-11.55,"Laggera crispata",2517773966,"Kipopo, 25 km NO d'Elisabethville.","COD",NA,1962,"PRESERVED_SPECIMEN","INSTITUTION_MATCH_FUZZY;INSTITUTION_COLLECTION_MISMATCH"
2,7.233333,"Laggera crispata",2517756915,"Mougnon.","BEN",NA,2000,"PRESERVED_SPECIMEN","INSTITUTION_MATCH_FUZZY;INSTITUTION_COLLECTION_MISMATCH"
31.010299,-17.588333,"Laggera crispata",3802343601,"","ZWE",8,2022,"HUMAN_OBSERVATION","COORDINATE_ROUNDED;CONTINENT_DERIVED_FROM_COORDINATES"
102.234618,29.914155,"Laggera crispata",1030895158,"","CHN",NA,1960,"PRESERVED_SPECIMEN","COORDINATE_ROUNDED;GEODETIC_DATUM_ASSUMED_WGS84;CONTINENT_DERIVED_FROM_COORDINATES;INSTITUTION_MATCH_FUZZY;COLLECTION_MATCH_NONE"
99.216667,18.333333,"Laggera crispata",2516795497,"Thailand, Province: Lampoon, District: Mae Tah, Doi Kuhn Dahn National Park, Yaw 3 area.","THA",NA,1994,"PRESERVED_SPECIMEN","INSTITUTION_MATCH_FUZZY;INSTITUTION_COLLECTION_MISMATCH"
82.860571,18.7022,"Laggera crispata",3955554804,"","IND",NA,2021,"HUMAN_OBSERVATION","COORDINATE_ROUNDED;COUNTRY_DERIVED_FROM_COORDINATES;CONTINENT_DERIVED_FROM_COORDINATES"
-25.16222,17.12944,"Laggera crispata",3669495305,"","CPV",NA,2017,"PRESERVED_SPECIMEN","GEODETIC_DATUM_ASSUMED_WGS84;CONTINENT_DERIVED_FROM_COORDINATES;COLLECTION_MATCH_FUZZY"
2.547599,9.344787,"Laggera crispata",1586014072,"Tourou-tourou","BEN",NA,2009,"HUMAN_OBSERVATION","RECORDED_DATE_INVALID;GEODETIC_DATUM_ASSUMED_WGS84"
2.41723,10.111787,"Laggera crispata",1586013482,"Fô-Bouré-Sankarou","BEN",NA,2009,"HUMAN_OBSERVATION","GEODETIC_DATUM_ASSUMED_WGS84"
2.391939,10.345408,"Laggera crispata",1586013224,"Sinendé-Peulh","BEN",NA,2009,"HUMAN_OBSERVATION","GEODETIC_DATUM_ASSUMED_WGS84"
2.549659,9.33005,"Laggera crispata",1586014235,"Tourou II-Djererou","BEN",NA,2009,"HUMAN_OBSERVATION","RECORDED_DATE_INVALID;GEODETIC_DATUM_ASSUMED_WGS84"
93.936417,21.354806,"Laggera crispata",2517264197,"Chi Chaung River, along the road between Kanpetlet and Mindat, Mindat Township.","MMR",NA,2012,"PRESERVED_SPECIMEN","INSTITUTION_MATCH_FUZZY;INSTITUTION_COLLECTION_MISMATCH"
30.466667,-3.333333,"Laggera crispata",1839982667,"Ruyigi, Musongati","BDI",NA,1974,"PRESERVED_SPECIMEN","GEODETIC_DATUM_ASSUMED_WGS84;CONTINENT_DERIVED_FROM_COORDINATES;INSTITUTION_MATCH_FUZZY;COLLECTION_MATCH_FUZZY"
14.15,-4.833333,"Laggera crispata",1839982765,"Mbanza-Ngoyo, Territoire: Luozi (z. Luozi)","COD",NA,1966,"PRESERVED_SPECIMEN","GEODETIC_DATUM_ASSUMED_WGS84;CONTINENT_DERIVED_FROM_COORDINATES;INSTITUTION_MATCH_FUZZY;COLLECTION_MATCH_FUZZY"
29.566667,-3.983333,"Laggera crispata",1839982754,"Bururi, Honga","BDI",NA,1971,"PRESERVED_SPECIMEN","GEODETIC_DATUM_ASSUMED_WGS84;CONTINENT_DERIVED_FROM_COORDINATES;INSTITUTION_MATCH_FUZZY;COLLECTION_MATCH_FUZZY"
22.943611,-6.486667,"Laggera crispata",1839982921,"Dibaya","COD",NA,1957,"PRESERVED_SPECIMEN","GEODETIC_DATUM_ASSUMED_WGS84;CONTINENT_DERIVED_FROM_COORDINATES;INSTITUTION_MATCH_FUZZY;COLLECTION_MATCH_FUZZY"
30.15878,-30.964445,"Laggera crispata",4009872062,"","ZAF",144,2019,"HUMAN_OBSERVATION","COORDINATE_ROUNDED;CONTINENT_DERIVED_FROM_COORDINATES"
1.574238,9.793101,"Laggera crispata",3311198371,"Pabegou","BEN",NA,2018,"HUMAN_OBSERVATION","COORDINATE_ROUNDED;GEODETIC_DATUM_ASSUMED_WGS84"
1.56298,9.318017,"Laggera crispata",3311199220,"Nagayile","BEN",NA,2018,"HUMAN_OBSERVATION","COORDINATE_ROUNDED;GEODETIC_DATUM_ASSUMED_WGS84"
1.749661,9.686033,"Laggera crispata",3311199529,"Afatalanga","BEN",NA,2018,"HUMAN_OBSERVATION","RECORDED_DATE_INVALID;COORDINATE_ROUNDED;GEODETIC_DATUM_ASSUMED_WGS84"
1.497783,9.780168,"Laggera crispata",3311199973,"Kpalampangou","BEN",NA,2018,"HUMAN_OBSERVATION","COORDINATE_ROUNDED;GEODETIC_DATUM_ASSUMED_WGS84"
1.853139,9.84715,"Laggera crispata",3311199988,"Gangamou","BEN",NA,2018,"HUMAN_OBSERVATION","RECORDED_DATE_INVALID;COORDINATE_ROUNDED;GEODETIC_DATUM_ASSUMED_WGS84"
1.907577,9.531497,"Laggera crispata",3311201552,"Tepredjissi","BEN",NA,2018,"HUMAN_OBSERVATION","RECORDED_DATE_INVALID;COORDINATE_ROUNDED;GEODETIC_DATUM_ASSUMED_WGS84"
1.778456,9.890291,"Laggera crispata",3311201765,"Kolokonde","BEN",NA,2018,"HUMAN_OBSERVATION","COORDINATE_ROUNDED;GEODETIC_DATUM_ASSUMED_WGS84"
1.529176,9.908308,"Laggera crispata",3311201790,"Kataban","BEN",NA,2018,"HUMAN_OBSERVATION","RECORDED_DATE_INVALID;COORDINATE_ROUNDED;GEODETIC_DATUM_ASSUMED_WGS84"
1.917612,9.418652,"Laggera crispata",3311203069,"Dabogou","BEN",NA,2018,"HUMAN_OBSERVATION","RECORDED_DATE_INVALID;COORDINATE_ROUNDED;GEODETIC_DATUM_ASSUMED_WGS84"
1.818249,9.567559,"Laggera crispata",3311203249,"Vanhoui","BEN",NA,2018,"HUMAN_OBSERVATION","RECORDED_DATE_INVALID;COORDINATE_ROUNDED;GEODETIC_DATUM_ASSUMED_WGS84"
36.556452,5.785236,"Laggera crispata",4028660680,"","ETH",200,2012,"HUMAN_OBSERVATION","COORDINATE_ROUNDED;CONTINENT_DERIVED_FROM_COORDINATES"
31.098831,-25.583625,"Laggera crispata",2823326326,"","ZAF",6,2019,"HUMAN_OBSERVATION","COORDINATE_ROUNDED;CONTINENT_DERIVED_FROM_COORDINATES"
36.153056,-7.544444,"Laggera crispata",2517801876,"Mazombe Division, Image Ward, Image Mountains Forest Reserve, Irawu village, Idunduge valley going west at Iyai water pipe intake.","TZA",NA,2011,"PRESERVED_SPECIMEN","INSTITUTION_MATCH_FUZZY;INSTITUTION_COLLECTION_MISMATCH"
37.15,-13.366667,"Laggera crispata",2516066824,"bank of Michangé River, near village, 46 km along the road from Marrupa to Lichinga.","MOZ",NA,1981,"PRESERVED_SPECIMEN","INSTITUTION_MATCH_FUZZY;INSTITUTION_COLLECTION_MISMATCH"
-12.233333,9.666667,"Laggera crispata",2517516905,"Fintonia on Morea road, NP.","SLE",NA,1964,"PRESERVED_SPECIMEN","INSTITUTION_MATCH_FUZZY;INSTITUTION_COLLECTION_MISMATCH"
1.981453,8.863043,"Laggera crispata",2592341867,"Bassila","BEN",NA,2019,"HUMAN_OBSERVATION","COORDINATE_ROUNDED;GEODETIC_DATUM_ASSUMED_WGS84"
27.483333,-11.783333,"Laggera crispata",1839982697,"Muniama","COD",NA,1959,"PRESERVED_SPECIMEN","GEODETIC_DATUM_ASSUMED_WGS84;CONTINENT_DERIVED_FROM_COORDINATES;INSTITUTION_MATCH_FUZZY;COLLECTION_MATCH_FUZZY"
38.02,0.22,"Laggera crispata",3017828781,"Ngaia Forest, Mutuati town, NW of forest, SW of Seasonal swamp.","KEN",NA,2008,"PRESERVED_SPECIMEN","INSTITUTION_MATCH_FUZZY;COLLECTION_MATCH_NONE"
33.633056,-10.948056,"Laggera crispata",1913720433,"Nyika National Park","MWI",NA,2003,"HUMAN_OBSERVATION","COORDINATE_ROUNDED;CONTINENT_DERIVED_FROM_COORDINATES"
33.740833,-10.774444,"Laggera crispata",1913720827,"Nyika National Park","MWI",NA,2003,"HUMAN_OBSERVATION","COORDINATE_ROUNDED;CONTINENT_DERIVED_FROM_COORDINATES"
33.729722,-10.881944,"Laggera crispata",1913721627,"Nyika National Park","MWI",NA,2003,"HUMAN_OBSERVATION","COORDINATE_ROUNDED;CONTINENT_DERIVED_FROM_COORDINATES"
33.664722,-10.783453,"Laggera crispata",1913720260,"Nyika National Park","MWI",NA,2003,"HUMAN_OBSERVATION","COORDINATE_ROUNDED;CONTINENT_DERIVED_FROM_COORDINATES"
32.856764,-19.806653,"Laggera crispata",2836074402,"Zimbabwe - Manicaland","ZWE",10,2015,"HUMAN_OBSERVATION","OCCURRENCE_STATUS_INFERRED_FROM_INDIVIDUAL_COUNT;COORDINATE_ROUNDED;CONTINENT_DERIVED_FROM_COORDINATES"
-7.40492,9.72719,"Laggera crispata",1837843395,"Bouaké","CIV",NA,1979,"PRESERVED_SPECIMEN","OCCURRENCE_STATUS_INFERRED_FROM_INDIVIDUAL_COUNT;GEODETIC_DATUM_ASSUMED_WGS84;INSTITUTION_MATCH_NONE"
102.593465,25.869611,"Laggera crispata",919530082,"三区炭山乡小田坝江边","CHN",NA,1952,"PRESERVED_SPECIMEN","COORDINATE_ROUNDED;GEODETIC_DATUM_ASSUMED_WGS84;CONTINENT_DERIVED_FROM_COORDINATES;INSTITUTION_MATCH_FUZZY;COLLECTION_MATCH_NONE"
98.490007,25.020615,"Laggera crispata",919598569,"山箐老虎坑","CHN",NA,1978,"PRESERVED_SPECIMEN","COORDINATE_ROUNDED;GEODETIC_DATUM_ASSUMED_WGS84;CONTINENT_DERIVED_FROM_COORDINATES;INSTITUTION_MATCH_FUZZY;COLLECTION_MATCH_NONE"
