"lon","lat","species","gbifID","locality","countryCode","coordinateUncertaintyInMeters","year","basisOfRecord","issue"
3.416667,11.583333,"Loudetia hordeiformis",1948815072,"","BEN",NA,1998,"HUMAN_OBSERVATION","COORDINATE_ROUNDED;CONTINENT_DERIVED_FROM_COORDINATES"
-3.85,8.716667,"Loudetia hordeiformis",1948920430,"","CIV",NA,1990,"HUMAN_OBSERVATION","COORDINATE_ROUNDED;CONTINENT_DERIVED_FROM_COORDINATES"
7.166667,13.466667,"Loudetia hordeiformis",1949018801,"","NER",NA,1964,"HUMAN_OBSERVATION","COORDINATE_ROUNDED;CONTINENT_DERIVED_FROM_COORDINATES"
7.666667,13.5,"Loudetia hordeiformis",1949018767,"","NER",NA,1964,"HUMAN_OBSERVATION","COORDINATE_ROUNDED;CONTINENT_DERIVED_FROM_COORDINATES"
3.566667,12.416667,"Loudetia hordeiformis",1949025301,"","NER",NA,1968,"HUMAN_OBSERVATION","COORDINATE_ROUNDED;CONTINENT_DERIVED_FROM_COORDINATES"
-16.7,12.55,"Loudetia hordeiformis",1949040422,"","SEN",NA,1978,"HUMAN_OBSERVATION","CONTINENT_DERIVED_FROM_COORDINATES"
15.733333,8.416667,"Loudetia hordeiformis",1949099736,"","TCD",NA,1974,"HUMAN_OBSERVATION","COORDINATE_ROUNDED;CONTINENT_DERIVED_FROM_COORDINATES"
15.733333,8.25,"Loudetia hordeiformis",1949100551,"","TCD",NA,1974,"HUMAN_OBSERVATION","COORDINATE_ROUNDED;CONTINENT_DERIVED_FROM_COORDINATES"
15.166667,9.9,"Loudetia hordeiformis",1949114245,"","TCD",NA,1957,"HUMAN_OBSERVATION","COORDINATE_ROUNDED;CONTINENT_DERIVED_FROM_COORDINATES"
-4.183333,11.3,"Loudetia hordeiformis",1948823227,"","BFA",NA,1980,"HUMAN_OBSERVATION","COORDINATE_ROUNDED;CONTINENT_DERIVED_FROM_COORDINATES"
1.133333,11.816667,"Loudetia hordeiformis",1948845692,"","BFA",NA,1981,"HUMAN_OBSERVATION","COORDINATE_ROUNDED;CONTINENT_DERIVED_FROM_COORDINATES"
-3.866667,13.266667,"Loudetia hordeiformis",1948874337,"","BFA",NA,1968,"HUMAN_OBSERVATION","COORDINATE_ROUNDED;CONTINENT_DERIVED_FROM_COORDINATES"
-3.8,8.733333,"Loudetia hordeiformis",1948921913,"","CIV",NA,1990,"HUMAN_OBSERVATION","COORDINATE_ROUNDED;CONTINENT_DERIVED_FROM_COORDINATES"
14.866667,8.883333,"Loudetia hordeiformis",1949101193,"","TCD",NA,1975,"HUMAN_OBSERVATION","COORDINATE_ROUNDED;CONTINENT_DERIVED_FROM_COORDINATES"
0.366667,10.5,"Loudetia hordeiformis",1949133757,"","TGO",NA,1961,"HUMAN_OBSERVATION","COORDINATE_ROUNDED;CONTINENT_DERIVED_FROM_COORDINATES"
-4.166667,11.35,"Loudetia hordeiformis",1948822622,"","BFA",NA,1980,"HUMAN_OBSERVATION","COORDINATE_ROUNDED;CONTINENT_DERIVED_FROM_COORDINATES"
-3.783333,12.966667,"Loudetia hordeiformis",1948874913,"","BFA",NA,1968,"HUMAN_OBSERVATION","COORDINATE_ROUNDED;CONTINENT_DERIVED_FROM_COORDINATES"
13.233333,7.433333,"Loudetia hordeiformis",1948895889,"","CMR",NA,1990,"HUMAN_OBSERVATION","COORDINATE_ROUNDED;CONTINENT_DERIVED_FROM_COORDINATES"
-16.75,12.416667,"Loudetia hordeiformis",1949040251,"","SEN",NA,1977,"HUMAN_OBSERVATION","COORDINATE_ROUNDED;CONTINENT_DERIVED_FROM_COORDINATES"
18.433333,8.666667,"Loudetia hordeiformis",1949122580,"","TCD",NA,1968,"HUMAN_OBSERVATION","COORDINATE_ROUNDED;CONTINENT_DERIVED_FROM_COORDINATES"
15.6,8.35,"Loudetia hordeiformis",1949100964,"","TCD",NA,1974,"HUMAN_OBSERVATION","CONTINENT_DERIVED_FROM_COORDINATES"
0.266667,10.7,"Loudetia hordeiformis",1949133262,"","TGO",NA,1961,"HUMAN_OBSERVATION","COORDINATE_ROUNDED;CONTINENT_DERIVED_FROM_COORDINATES"
0.516667,10.666667,"Loudetia hordeiformis",1949134060,"","TGO",NA,1961,"HUMAN_OBSERVATION","COORDINATE_ROUNDED;CONTINENT_DERIVED_FROM_COORDINATES"
0.466667,10.516667,"Loudetia hordeiformis",1949134394,"","TGO",NA,1961,"HUMAN_OBSERVATION","COORDINATE_ROUNDED;CONTINENT_DERIVED_FROM_COORDINATES"
0.233333,10.883333,"Loudetia hordeiformis",1949134587,"","TGO",NA,1961,"HUMAN_OBSERVATION","COORDINATE_ROUNDED;CONTINENT_DERIVED_FROM_COORDINATES"
0.116667,10.8,"Loudetia hordeiformis",1949134846,"","TGO",NA,1961,"HUMAN_OBSERVATION","COORDINATE_ROUNDED;CONTINENT_DERIVED_FROM_COORDINATES"
-4.833333,10.8,"Loudetia hordeiformis",1948867599,"","BFA",NA,2007,"HUMAN_OBSERVATION","COORDINATE_ROUNDED;CONTINENT_DERIVED_FROM_COORDINATES"
15.133333,9.9,"Loudetia hordeiformis",1949098917,"","TCD",NA,1955,"HUMAN_OBSERVATION","COORDINATE_ROUNDED;CONTINENT_DERIVED_FROM_COORDINATES"
-3.783333,13.1,"Loudetia hordeiformis",1948874709,"","BFA",NA,1968,"HUMAN_OBSERVATION","COORDINATE_ROUNDED;CONTINENT_DERIVED_FROM_COORDINATES"
-4.716667,7.583333,"Loudetia hordeiformis",1948924297,"","CIV",NA,1960,"HUMAN_OBSERVATION","COORDINATE_ROUNDED;CONTINENT_DERIVED_FROM_COORDINATES"
-16.35,12.533333,"Loudetia hordeiformis",1949041814,"","SEN",NA,1981,"HUMAN_OBSERVATION","COORDINATE_ROUNDED;CONTINENT_DERIVED_FROM_COORDINATES"
-3.85,11.75,"Loudetia hordeiformis",1948823267,"","BFA",NA,1980,"HUMAN_OBSERVATION","CONTINENT_DERIVED_FROM_COORDINATES"
-8.233333,12.416667,"Loudetia hordeiformis",1948952931,"","MLI",NA,1991,"HUMAN_OBSERVATION","COORDINATE_ROUNDED;CONTINENT_DERIVED_FROM_COORDINATES"
2.333333,12.833333,"Loudetia hordeiformis",1949025117,"","NER",NA,2004,"HUMAN_OBSERVATION","COORDINATE_ROUNDED;CONTINENT_DERIVED_FROM_COORDINATES"
28.783333,9.85,"Loudetia hordeiformis",1949039251,"","SDN",NA,1961,"HUMAN_OBSERVATION","COORDINATE_ROUNDED;CONTINENT_DERIVED_FROM_COORDINATES"
-15.05,14.616667,"Loudetia hordeiformis",1949086280,"","SEN",NA,1979,"HUMAN_OBSERVATION","COORDINATE_ROUNDED;CONTINENT_DERIVED_FROM_COORDINATES"
-3.783333,13.216667,"Loudetia hordeiformis",1948874461,"","BFA",NA,1968,"HUMAN_OBSERVATION","COORDINATE_ROUNDED;CONTINENT_DERIVED_FROM_COORDINATES"
2.85,12.6,"Loudetia hordeiformis",1948997158,"","NER",NA,1980,"HUMAN_OBSERVATION","CONTINENT_DERIVED_FROM_COORDINATES"
1.45,11.566667,"Loudetia hordeiformis",1948861147,"","BFA",NA,2008,"HUMAN_OBSERVATION","COORDINATE_ROUNDED;CONTINENT_DERIVED_FROM_COORDINATES"
-5.283333,7.683333,"Loudetia hordeiformis",1948924535,"","CIV",NA,1960,"HUMAN_OBSERVATION","COORDINATE_ROUNDED;CONTINENT_DERIVED_FROM_COORDINATES"
2.5,13.366667,"Loudetia hordeiformis",1948998314,"","NER",NA,1989,"HUMAN_OBSERVATION","COORDINATE_ROUNDED;CONTINENT_DERIVED_FROM_COORDINATES"
1.6,11.683333,"Loudetia hordeiformis",1948845441,"","BFA",NA,1981,"HUMAN_OBSERVATION","COORDINATE_ROUNDED;CONTINENT_DERIVED_FROM_COORDINATES"
15.85,8.5,"Loudetia hordeiformis",1949099696,"","TCD",NA,1974,"HUMAN_OBSERVATION","CONTINENT_DERIVED_FROM_COORDINATES"
0.3,10.566667,"Loudetia hordeiformis",1949133216,"","TGO",NA,1961,"HUMAN_OBSERVATION","COORDINATE_ROUNDED;CONTINENT_DERIVED_FROM_COORDINATES"
-3.766667,11.883333,"Loudetia hordeiformis",1948823214,"","BFA",NA,1980,"HUMAN_OBSERVATION","COORDINATE_ROUNDED;CONTINENT_DERIVED_FROM_COORDINATES"
-4.283333,10.683333,"Loudetia hordeiformis",1948820301,"","BFA",NA,1977,"HUMAN_OBSERVATION","COORDINATE_ROUNDED;CONTINENT_DERIVED_FROM_COORDINATES"
-4.65,10.783333,"Loudetia hordeiformis",1948845396,"","BFA",NA,1981,"HUMAN_OBSERVATION","COORDINATE_ROUNDED;CONTINENT_DERIVED_FROM_COORDINATES"
-5.25,7.283333,"Loudetia hordeiformis",1948924383,"","CIV",NA,1960,"HUMAN_OBSERVATION","COORDINATE_ROUNDED;CONTINENT_DERIVED_FROM_COORDINATES"
1.483333,10.383333,"Loudetia hordeiformis",1948812974,"","BEN",NA,2000,"HUMAN_OBSERVATION","COORDINATE_ROUNDED;CONTINENT_DERIVED_FROM_COORDINATES"
-4.5,10.633333,"Loudetia hordeiformis",1948819152,"","BFA",NA,1977,"HUMAN_OBSERVATION","COORDINATE_ROUNDED;CONTINENT_DERIVED_FROM_COORDINATES"
-4.3,7.25,"Loudetia hordeiformis",1948924460,"","CIV",NA,1960,"HUMAN_OBSERVATION","CONTINENT_DERIVED_FROM_COORDINATES"
8.016667,17.016667,"Loudetia hordeiformis",1949002006,"","NER",NA,1975,"HUMAN_OBSERVATION","COORDINATE_ROUNDED;CONTINENT_DERIVED_FROM_COORDINATES"
15.733333,9.416667,"Loudetia hordeiformis",1949101656,"","TCD",NA,1974,"HUMAN_OBSERVATION","COORDINATE_ROUNDED;CONTINENT_DERIVED_FROM_COORDINATES"
0.533333,10.616667,"Loudetia hordeiformis",1949134159,"","TGO",NA,1961,"HUMAN_OBSERVATION","COORDINATE_ROUNDED;CONTINENT_DERIVED_FROM_COORDINATES"
3.05,11.45,"Loudetia hordeiformis",1948815604,"","BEN",NA,1998,"HUMAN_OBSERVATION","CONTINENT_DERIVED_FROM_COORDINATES"
15.566667,8.916667,"Loudetia hordeiformis",1949100527,"","TCD",NA,1974,"HUMAN_OBSERVATION","COORDINATE_ROUNDED;CONTINENT_DERIVED_FROM_COORDINATES"
-4.383333,12.616667,"Loudetia hordeiformis",1948845959,"","BFA",NA,1981,"HUMAN_OBSERVATION","COORDINATE_ROUNDED;CONTINENT_DERIVED_FROM_COORDINATES"
16.433333,10.566667,"Loudetia hordeiformis",1949114424,"","TCD",NA,1970,"HUMAN_OBSERVATION","COORDINATE_ROUNDED;CONTINENT_DERIVED_FROM_COORDINATES"
0.133333,10.583333,"Loudetia hordeiformis",1949134683,"","TGO",NA,1961,"HUMAN_OBSERVATION","COORDINATE_ROUNDED;CONTINENT_DERIVED_FROM_COORDINATES"
-4.383333,11.616667,"Loudetia hordeiformis",1948835075,"","BFA",NA,1980,"HUMAN_OBSERVATION","COORDINATE_ROUNDED;CONTINENT_DERIVED_FROM_COORDINATES"
8,13.583333,"Loudetia hordeiformis",1949019098,"","NER",NA,1964,"HUMAN_OBSERVATION","COORDINATE_ROUNDED;CONTINENT_DERIVED_FROM_COORDINATES"
28.25,9.966667,"Loudetia hordeiformis",1949027925,"","SDN",NA,1960,"HUMAN_OBSERVATION","COORDINATE_ROUNDED;CONTINENT_DERIVED_FROM_COORDINATES"
0.383333,10.666667,"Loudetia hordeiformis",1949133963,"","TGO",NA,1961,"HUMAN_OBSERVATION","COORDINATE_ROUNDED;CONTINENT_DERIVED_FROM_COORDINATES"
-4.283333,10.516667,"Loudetia hordeiformis",1948820867,"","BFA",NA,1977,"HUMAN_OBSERVATION","COORDINATE_ROUNDED;CONTINENT_DERIVED_FROM_COORDINATES"
2.983333,11.616667,"Loudetia hordeiformis",1948815333,"","BEN",NA,1998,"HUMAN_OBSERVATION","COORDINATE_ROUNDED;CONTINENT_DERIVED_FROM_COORDINATES"
-8.15,12.466667,"Loudetia hordeiformis",1948951643,"","MLI",NA,1991,"HUMAN_OBSERVATION","COORDINATE_ROUNDED;CONTINENT_DERIVED_FROM_COORDINATES"
15.45,8.466667,"Loudetia hordeiformis",1949100351,"","TCD",NA,1974,"HUMAN_OBSERVATION","COORDINATE_ROUNDED;CONTINENT_DERIVED_FROM_COORDINATES"
-2.37,11.07,"Loudetia hordeiformis",912193642,"Leo-Ouassa Road","BFA",NA,1960,"PRESERVED_SPECIMEN","GEODETIC_DATUM_ASSUMED_WGS84;CONTINENT_DERIVED_FROM_COORDINATES;INSTITUTION_MATCH_FUZZY;COLLECTION_MATCH_FUZZY"
-4.2,11.15,"Loudetia hordeiformis",912193615,"at police post just E of","BFA",NA,1997,"PRESERVED_SPECIMEN","GEODETIC_DATUM_ASSUMED_WGS84;CONTINENT_DERIVED_FROM_COORDINATES;INSTITUTION_MATCH_FUZZY;COLLECTION_MATCH_FUZZY"
-4.433333,8.366667,"Loudetia hordeiformis",2515825910,"Dabakala.","CIV",NA,1982,"PRESERVED_SPECIMEN","INSTITUTION_MATCH_FUZZY;INSTITUTION_COLLECTION_MISMATCH"
4.133333,8.75,"Loudetia hordeiformis",2516069960,"Igbete, Rock dome to N. Rest House.","NGA",NA,1967,"PRESERVED_SPECIMEN","INSTITUTION_MATCH_FUZZY;INSTITUTION_COLLECTION_MISMATCH"
-16.733333,13,"Loudetia hordeiformis",2516096971,"Basse-Casamance, Obéné.","SEN",NA,1988,"PRESERVED_SPECIMEN","INSTITUTION_MATCH_FUZZY;INSTITUTION_COLLECTION_MISMATCH"
-6.85,8.15,"Loudetia hordeiformis",2517613104,"Tiéman, km 30 road Séguéla-Worofla.","CIV",NA,1979,"PRESERVED_SPECIMEN","INSTITUTION_MATCH_FUZZY;INSTITUTION_COLLECTION_MISMATCH"
-12.233333,12.483333,"Loudetia hordeiformis",2516672936,"Senegal. Region: Tambacounda. Km 5-18 along road Dindéfélo-Kedougou.","SEN",NA,1994,"PRESERVED_SPECIMEN","INSTITUTION_MATCH_FUZZY;INSTITUTION_COLLECTION_MISMATCH"
13.616667,9.083333,"Loudetia hordeiformis",2517816098,"Laende Massa, 33 km sud de Garoua.","CMR",NA,1985,"PRESERVED_SPECIMEN","INSTITUTION_MATCH_FUZZY;INSTITUTION_COLLECTION_MISMATCH"
1.2,9.6,"Loudetia hordeiformis",1898351690,"Landa Pozanda - Région de la Kara","TGO",6.4,1986,"HUMAN_OBSERVATION","GEODETIC_DATUM_ASSUMED_WGS84;CONTINENT_DERIVED_FROM_COORDINATES"
3.433333,10.383333,"Loudetia hordeiformis",2243144983,"Bessassi, Forêt des trois rivières","BEN",NA,1988,"PRESERVED_SPECIMEN","GEODETIC_DATUM_ASSUMED_WGS84;CONTINENT_DERIVED_FROM_COORDINATES;INSTITUTION_MATCH_FUZZY;COLLECTION_MATCH_FUZZY"
-16.55,13.666,"Loudetia hordeiformis",47798108,"Ile Oudiarène,dans Delta du Saloum","SEN",NA,1995,"PRESERVED_SPECIMEN","GEODETIC_DATUM_ASSUMED_WGS84;COORDINATE_PRECISION_INVALID;INSTITUTION_MATCH_FUZZY;INSTITUTION_COLLECTION_MISMATCH"
-13.216,13.133,"Loudetia hordeiformis",47798199,"Parc National du Niokolo Koba. Vicinity of Badi (abandoned village).","SEN",NA,1995,"PRESERVED_SPECIMEN","GEODETIC_DATUM_ASSUMED_WGS84;COORDINATE_PRECISION_INVALID;INSTITUTION_MATCH_FUZZY;INSTITUTION_COLLECTION_MISMATCH"
-4.766,10.616,"Loudetia hordeiformis",47798657,"Ca 3 km S of Banfora. Roadsides and weeds in sandy fields","BFA",NA,2000,"PRESERVED_SPECIMEN","GEODETIC_DATUM_ASSUMED_WGS84;CONTINENT_DERIVED_FROM_COORDINATES;COORDINATE_PRECISION_INVALID;INSTITUTION_MATCH_FUZZY;INSTITUTION_COLLECTION_MISMATCH"
-3.316,10.233,"Loudetia hordeiformis",47798667,"Gaoua - Kampti km 30. Old fields, weeds.","BFA",NA,2000,"PRESERVED_SPECIMEN","GEODETIC_DATUM_ASSUMED_WGS84;CONTINENT_DERIVED_FROM_COORDINATES;COORDINATE_PRECISION_INVALID;INSTITUTION_MATCH_FUZZY;INSTITUTION_COLLECTION_MISMATCH"
-3.25,10.766,"Loudetia hordeiformis",47798671,"Gaoua - Diebougou km 20. Dry savanna","BFA",NA,2000,"PRESERVED_SPECIMEN","GEODETIC_DATUM_ASSUMED_WGS84;CONTINENT_DERIVED_FROM_COORDINATES;COORDINATE_PRECISION_INVALID;INSTITUTION_MATCH_FUZZY;INSTITUTION_COLLECTION_MISMATCH"
-0.966,11.116,"Loudetia hordeiformis",47798632,"N of Tiébélé.","BFA",NA,1997,"PRESERVED_SPECIMEN","GEODETIC_DATUM_ASSUMED_WGS84;CONTINENT_DERIVED_FROM_COORDINATES;COORDINATE_PRECISION_INVALID;INSTITUTION_MATCH_FUZZY;INSTITUTION_COLLECTION_MISMATCH"
-5.158056,10.654167,"Loudetia hordeiformis",1273869250,"","BFA",NA,2006,"PRESERVED_SPECIMEN","COORDINATE_ROUNDED;GEODETIC_DATUM_ASSUMED_WGS84;CONTINENT_DERIVED_FROM_COORDINATES;INSTITUTION_MATCH_NONE"
3.5,10.083333,"Loudetia hordeiformis",2243145023,"Province de Borgou, District de Nikki, Sakabansi","BEN",NA,1987,"PRESERVED_SPECIMEN","GEODETIC_DATUM_ASSUMED_WGS84;CONTINENT_DERIVED_FROM_COORDINATES;INSTITUTION_MATCH_FUZZY;COLLECTION_MATCH_FUZZY"
2.716667,9.3,"Loudetia hordeiformis",2243145682,"Okpara (Parakou)","BEN",NA,1994,"PRESERVED_SPECIMEN","GEODETIC_DATUM_ASSUMED_WGS84;CONTINENT_DERIVED_FROM_COORDINATES;INSTITUTION_MATCH_FUZZY;COLLECTION_MATCH_FUZZY"
1.7,8.85,"Loudetia hordeiformis",2243144956,"Aoro, forêt des Monts Kouffé","BEN",NA,1996,"PRESERVED_SPECIMEN","GEODETIC_DATUM_ASSUMED_WGS84;CONTINENT_DERIVED_FROM_COORDINATES;INSTITUTION_MATCH_FUZZY;COLLECTION_MATCH_FUZZY"
2.238883,10.15305,"Loudetia hordeiformis",3046126363,"Atakora, östl. Tobré (UTM 416609, 1122437); alte Brache","BEN",NA,2001,"PRESERVED_SPECIMEN","COORDINATE_ROUNDED;GEODETIC_DATUM_ASSUMED_WGS84;CONTINENT_DERIVED_FROM_COORDINATES;INSTITUTION_MATCH_FUZZY;INSTITUTION_COLLECTION_MISMATCH"
1.194444,10.168611,"Loudetia hordeiformis",3046111980,"Piste Natitingou - Boukoumbé","BEN",NA,1998,"PRESERVED_SPECIMEN","COORDINATE_ROUNDED;GEODETIC_DATUM_ASSUMED_WGS84;CONTINENT_DERIVED_FROM_COORDINATES;INSTITUTION_MATCH_FUZZY;INSTITUTION_COLLECTION_MISMATCH"
1.05,11.05,"Loudetia hordeiformis",3046113977,"Chaîne de Gobnangou, Piste Yobri - Arli","BFA",NA,1989,"PRESERVED_SPECIMEN","GEODETIC_DATUM_ASSUMED_WGS84;CONTINENT_DERIVED_FROM_COORDINATES;INSTITUTION_MATCH_FUZZY;INSTITUTION_COLLECTION_MISMATCH"
1.012916,10.483191,"Loudetia hordeiformis",2237172548,"","BEN",NA,1997,"HUMAN_OBSERVATION","RECORDED_DATE_INVALID;COORDINATE_ROUNDED;GEODETIC_DATUM_ASSUMED_WGS84"
1.2666,10.6166,"Loudetia hordeiformis",2237173249,"","BEN",NA,1997,"HUMAN_OBSERVATION","RECORDED_DATE_INVALID;GEODETIC_DATUM_ASSUMED_WGS84"
1.1,10.1833,"Loudetia hordeiformis",2237173601,"","BEN",NA,1997,"HUMAN_OBSERVATION","GEODETIC_DATUM_ASSUMED_WGS84"
1.05,10.6833,"Loudetia hordeiformis",2237172948,"","BEN",NA,1997,"HUMAN_OBSERVATION","GEODETIC_DATUM_ASSUMED_WGS84"
-5.05,7.95,"Loudetia hordeiformis",2517825216,"30 km N. of Bouaké.","CIV",NA,1958,"PRESERVED_SPECIMEN","INSTITUTION_MATCH_FUZZY;INSTITUTION_COLLECTION_MISMATCH"
-2.235,9.229444,"Loudetia hordeiformis",2515938675,"Bole, 12 km W Kabainpe.","GHA",NA,2012,"PRESERVED_SPECIMEN","INSTITUTION_MATCH_FUZZY;INSTITUTION_COLLECTION_MISMATCH"
5.75,12.583333,"Loudetia hordeiformis",2516054477,"Province Sokoto, District Sokoto, Bimasa Bakure-Tureta N.A. Forest Reserve.","NGA",NA,1959,"PRESERVED_SPECIMEN","INSTITUTION_MATCH_FUZZY;INSTITUTION_COLLECTION_MISMATCH"
3.05,11.033333,"Loudetia hordeiformis",2517581241,"Sota, forêt classée.","BEN",NA,1994,"PRESERVED_SPECIMEN","INSTITUTION_MATCH_FUZZY;INSTITUTION_COLLECTION_MISMATCH"
13.466667,9.216667,"Loudetia hordeiformis",2517715882,"Laende Massa.","CMR",NA,1988,"PRESERVED_SPECIMEN","INSTITUTION_MATCH_FUZZY;INSTITUTION_COLLECTION_MISMATCH"
3.466667,11.883333,"Loudetia hordeiformis",2517581242,"1 km E Gaya (c. Gaya).","NER",NA,1968,"PRESERVED_SPECIMEN","INSTITUTION_MATCH_FUZZY;INSTITUTION_COLLECTION_MISMATCH"
1.925,7.913333,"Loudetia hordeiformis",2517436539,"4 km W of Savalou, RNIE 6.","BEN",NA,1998,"PRESERVED_SPECIMEN","INSTITUTION_MATCH_FUZZY;INSTITUTION_COLLECTION_MISMATCH"
3.733333,12.766667,"Loudetia hordeiformis",2517420471,"km N Yeldou (c. Sabongari). relevé 730","NER",NA,1968,"PRESERVED_SPECIMEN","INSTITUTION_MATCH_FUZZY;INSTITUTION_COLLECTION_MISMATCH"
-16.55,13.67,"Loudetia hordeiformis",2986730317,"Region: Sine Saloum. Parque Nat. Sine Saloum. Isle Doudiarène.","SEN",NA,1995,"PRESERVED_SPECIMEN","GEODETIC_DATUM_ASSUMED_WGS84"
-4.92012,6.0921,"Loudetia hordeiformis",1844887935,"Route de Toupé","CIV",NA,1964,"PRESERVED_SPECIMEN","OCCURRENCE_STATUS_INFERRED_FROM_INDIVIDUAL_COUNT;GEODETIC_DATUM_ASSUMED_WGS84;INSTITUTION_MATCH_NONE"
-7.0437,7.58827,"Loudetia hordeiformis",1844887939,"Svane de N'Dokouassikro (Bocanda)","CIV",NA,1960,"PRESERVED_SPECIMEN","OCCURRENCE_STATUS_INFERRED_FROM_INDIVIDUAL_COUNT;GEODETIC_DATUM_ASSUMED_WGS84;INSTITUTION_MATCH_NONE"
-4.495512,6.875206,"Loudetia hordeiformis",1844887994,"Route de Toumodi vers Sakassou","CIV",NA,1955,"PRESERVED_SPECIMEN","OCCURRENCE_STATUS_INFERRED_FROM_INDIVIDUAL_COUNT;GEODETIC_DATUM_ASSUMED_WGS84;INSTITUTION_MATCH_NONE"
-3.92396,8.61563,"Loudetia hordeiformis",1844887915,"Bord de route vers Toupé","CIV",NA,1964,"PRESERVED_SPECIMEN","OCCURRENCE_STATUS_INFERRED_FROM_INDIVIDUAL_COUNT;GEODETIC_DATUM_ASSUMED_WGS84;INSTITUTION_MATCH_NONE"
-5.013009,7.511266,"Loudetia hordeiformis",1844888010,"Minakro","CIV",NA,1961,"PRESERVED_SPECIMEN","OCCURRENCE_STATUS_INFERRED_FROM_INDIVIDUAL_COUNT;GEODETIC_DATUM_ASSUMED_WGS84;INSTITUTION_MATCH_NONE"
-5.04049,7.76395,"Loudetia hordeiformis",1844887936,"Savane de Sinfra","CIV",NA,1960,"PRESERVED_SPECIMEN","OCCURRENCE_STATUS_INFERRED_FROM_INDIVIDUAL_COUNT;GEODETIC_DATUM_ASSUMED_WGS84;INSTITUTION_MATCH_NONE"
-0.433333,10.533333,"Loudetia hordeiformis",1890133698,"","GHA",NA,1954,"HUMAN_OBSERVATION","COORDINATE_ROUNDED;CONTINENT_DERIVED_FROM_COORDINATES"
-0.2,10.65,"Loudetia hordeiformis",1890133709,"","GHA",NA,1972,"HUMAN_OBSERVATION","CONTINENT_DERIVED_FROM_COORDINATES"
-0.816667,10.333333,"Loudetia hordeiformis",1890133701,"","GHA",NA,1963,"HUMAN_OBSERVATION","COORDINATE_ROUNDED;CONTINENT_DERIVED_FROM_COORDINATES"
-0.616667,8.316667,"Loudetia hordeiformis",1890133627,"","GHA",NA,1967,"HUMAN_OBSERVATION","COORDINATE_ROUNDED;CONTINENT_DERIVED_FROM_COORDINATES"
-1.85,9.25,"Loudetia hordeiformis",1890133680,"","GHA",NA,1994,"HUMAN_OBSERVATION","CONTINENT_DERIVED_FROM_COORDINATES"
-1.733333,8.066667,"Loudetia hordeiformis",1890133634,"","GHA",NA,1958,"HUMAN_OBSERVATION","COORDINATE_ROUNDED;CONTINENT_DERIVED_FROM_COORDINATES"
-1.183333,10.8,"Loudetia hordeiformis",1890133670,"","GHA",NA,1956,"HUMAN_OBSERVATION","COORDINATE_ROUNDED;CONTINENT_DERIVED_FROM_COORDINATES"
-1.983333,10.866667,"Loudetia hordeiformis",1890133605,"","GHA",NA,1963,"HUMAN_OBSERVATION","COORDINATE_ROUNDED;CONTINENT_DERIVED_FROM_COORDINATES"
-2.483333,10.05,"Loudetia hordeiformis",1890133628,"","GHA",NA,1963,"HUMAN_OBSERVATION","COORDINATE_ROUNDED;CONTINENT_DERIVED_FROM_COORDINATES"
-2.383333,8.15,"Loudetia hordeiformis",1890133692,"","GHA",NA,1960,"HUMAN_OBSERVATION","COORDINATE_ROUNDED;CONTINENT_DERIVED_FROM_COORDINATES"
-2.766667,10.65,"Loudetia hordeiformis",1890133669,"","GHA",NA,1963,"HUMAN_OBSERVATION","COORDINATE_ROUNDED;CONTINENT_DERIVED_FROM_COORDINATES"
-1.366667,7.383333,"Loudetia hordeiformis",1890133717,"","GHA",NA,1953,"HUMAN_OBSERVATION","COORDINATE_ROUNDED;CONTINENT_DERIVED_FROM_COORDINATES"
-2.2,8.533333,"Loudetia hordeiformis",1890133678,"","GHA",NA,1956,"HUMAN_OBSERVATION","COORDINATE_ROUNDED;CONTINENT_DERIVED_FROM_COORDINATES"
-0.8,10.516667,"Loudetia hordeiformis",1890133618,"","GHA",NA,1963,"HUMAN_OBSERVATION","COORDINATE_ROUNDED;CONTINENT_DERIVED_FROM_COORDINATES"
-1.816667,9.083333,"Loudetia hordeiformis",1890133696,"","GHA",NA,1966,"HUMAN_OBSERVATION","COORDINATE_ROUNDED;CONTINENT_DERIVED_FROM_COORDINATES"
13.25,8.48,"Loudetia hordeiformis",4066410099,"Hosséri Pangoul, 10 Km SW Poli. Flle. IGN 1/2000 Poli.","CMR",NA,1977,"PRESERVED_SPECIMEN","CONTINENT_DERIVED_FROM_COORDINATES;INSTITUTION_MATCH_FUZZY;COLLECTION_MATCH_NONE"
3.11667,11.18333,"Loudetia hordeiformis",4066547411,"Bensékou","BEN",NA,1998,"PRESERVED_SPECIMEN","CONTINENT_DERIVED_FROM_COORDINATES;INSTITUTION_MATCH_NONE"
14.583333,11.333333,"Loudetia hordeiformis",4066412110,"Parc National de Waza, Ouest de Waza.","CMR",NA,1974,"PRESERVED_SPECIMEN","COORDINATE_ROUNDED;CONTINENT_DERIVED_FROM_COORDINATES;INSTITUTION_MATCH_FUZZY;COLLECTION_MATCH_NONE"
10.08,6.56,"Loudetia hordeiformis",4066509082,"Piste Baji-Essu : 20km NNE Essu, village situé à 20km au N. de Wum. Flle IGN 1/2000 Nkambe.herbe","CMR",NA,1975,"PRESERVED_SPECIMEN","CONTINENT_DERIVED_FROM_COORDINATES;INSTITUTION_MATCH_FUZZY;COLLECTION_MATCH_NONE"
13.166667,8.916667,"Loudetia hordeiformis",4066416112,"Béré, route vers Bouba Njidda.","CMR",NA,1984,"PRESERVED_SPECIMEN","COORDINATE_ROUNDED;CONTINENT_DERIVED_FROM_COORDINATES;INSTITUTION_MATCH_FUZZY;COLLECTION_MATCH_NONE"
2.072502,7.07643,"Loudetia hordeiformis",1914120938,"Zogbodomè","BEN",NA,1982,"PRESERVED_SPECIMEN","TYPE_STATUS_INVALID;GEODETIC_DATUM_ASSUMED_WGS84;COORDINATE_PRECISION_INVALID;INSTITUTION_MATCH_NONE"
-0.97,11.22,"Loudetia hordeiformis",912193601,"400 m E of Nankoum on road from Po to Zabre","BFA",NA,1969,"PRESERVED_SPECIMEN","GEODETIC_DATUM_ASSUMED_WGS84;CONTINENT_DERIVED_FROM_COORDINATES;INSTITUTION_MATCH_FUZZY;COLLECTION_MATCH_FUZZY"
-5.17,10.67,"Loudetia hordeiformis",912193560,"","BFA",NA,1962,"PRESERVED_SPECIMEN","GEODETIC_DATUM_ASSUMED_WGS84;CONTINENT_DERIVED_FROM_COORDINATES;INSTITUTION_MATCH_FUZZY;COLLECTION_MATCH_FUZZY"
-4.4,10.15,"Loudetia hordeiformis",912193530,"1.6 km S of Linguekoro","BFA",NA,1968,"PRESERVED_SPECIMEN","GEODETIC_DATUM_ASSUMED_WGS84;CONTINENT_DERIVED_FROM_COORDINATES;INSTITUTION_MATCH_FUZZY;COLLECTION_MATCH_FUZZY"
4.510886,9.882884,"Loudetia hordeiformis",1914118084,"Wildlife School Site Natural Reserve. New Bussa","NGA",NA,1979,"PRESERVED_SPECIMEN","OCCURRENCE_STATUS_INFERRED_FROM_INDIVIDUAL_COUNT;GEODETIC_DATUM_ASSUMED_WGS84;INSTITUTION_MATCH_NONE"
5.31025,9.239424,"Loudetia hordeiformis",1914117912,"Mokwa","NGA",NA,1976,"PRESERVED_SPECIMEN","OCCURRENCE_STATUS_INFERRED_FROM_INDIVIDUAL_COUNT;GEODETIC_DATUM_ASSUMED_WGS84;INSTITUTION_MATCH_NONE"
7.408395,6.320369,"Loudetia hordeiformis",1914118003,"Udi","NGA",NA,1953,"PRESERVED_SPECIMEN","OCCURRENCE_STATUS_INFERRED_FROM_INDIVIDUAL_COUNT;GEODETIC_DATUM_ASSUMED_WGS84;INSTITUTION_MATCH_NONE"
7.391285,7.431818,"Loudetia hordeiformis",1914118299,"Okura","NGA",NA,1960,"PRESERVED_SPECIMEN","OCCURRENCE_STATUS_INFERRED_FROM_INDIVIDUAL_COUNT;GEODETIC_DATUM_ASSUMED_WGS84;INSTITUTION_MATCH_NONE"
6.280086,7.00796,"Loudetia hordeiformis",1914118048,"Etsako","NGA",NA,1985,"PRESERVED_SPECIMEN","OCCURRENCE_STATUS_INFERRED_FROM_INDIVIDUAL_COUNT;GEODETIC_DATUM_ASSUMED_WGS84;INSTITUTION_MATCH_NONE"
10.303018,9.854258,"Loudetia hordeiformis",1914117753,"Yankari Game Reserve","NGA",NA,1972,"PRESERVED_SPECIMEN","OCCURRENCE_STATUS_INFERRED_FROM_INDIVIDUAL_COUNT;GEODETIC_DATUM_ASSUMED_WGS84;INSTITUTION_MATCH_NONE"
5.247551,13.005873,"Loudetia hordeiformis",1914118334,"Sokoto","NGA",NA,1959,"PRESERVED_SPECIMEN","OCCURRENCE_STATUS_INFERRED_FROM_INDIVIDUAL_COUNT;GEODETIC_DATUM_ASSUMED_WGS84;INSTITUTION_MATCH_NONE"
3.419552,8.119567,"Loudetia hordeiformis",1914118943,"Oyo","NGA",NA,1964,"PRESERVED_SPECIMEN","OCCURRENCE_STATUS_INFERRED_FROM_INDIVIDUAL_COUNT;GEODETIC_DATUM_ASSUMED_WGS84;INSTITUTION_MATCH_NONE"
4.151376,10.323219,"Loudetia hordeiformis",1914117957,"Borgu","NGA",NA,1971,"PRESERVED_SPECIMEN","OCCURRENCE_STATUS_INFERRED_FROM_INDIVIDUAL_COUNT;GEODETIC_DATUM_ASSUMED_WGS84;INSTITUTION_MATCH_NONE"
6.073214,7.823114,"Loudetia hordeiformis",1914117672,"Kabba","NGA",NA,1956,"PRESERVED_SPECIMEN","OCCURRENCE_STATUS_INFERRED_FROM_INDIVIDUAL_COUNT;GEODETIC_DATUM_ASSUMED_WGS84;INSTITUTION_MATCH_NONE"
4.536658,12.749471,"Loudetia hordeiformis",1914119501,"Argungu","NGA",NA,1980,"PRESERVED_SPECIMEN","OCCURRENCE_STATUS_INFERRED_FROM_INDIVIDUAL_COUNT;GEODETIC_DATUM_ASSUMED_WGS84;INSTITUTION_MATCH_NONE"
3.116667,11,"Loudetia hordeiformis",2515914718,"Bensékou.","BEN",NA,1998,"PRESERVED_SPECIMEN","INSTITUTION_MATCH_FUZZY;INSTITUTION_COLLECTION_MISMATCH"
-7.383333,6.483333,"Loudetia hordeiformis",2234867141,"Vavoua","CIV",NA,1969,"PRESERVED_SPECIMEN","OCCURRENCE_STATUS_INFERRED_FROM_INDIVIDUAL_COUNT;COORDINATE_ROUNDED;GEODETIC_DATUM_ASSUMED_WGS84;INSTITUTION_MATCH_FUZZY;COLLECTION_MATCH_FUZZY"
-1.22,7.23,"Loudetia hordeiformis",2252227310,"Ejura","GHA",NA,1953,"PRESERVED_SPECIMEN","GEODETIC_DATUM_ASSUMED_WGS84;PRESUMED_NEGATED_LONGITUDE;CONTINENT_DERIVED_FROM_COORDINATES"
-2.29,10.03,"Loudetia hordeiformis",2252227305,"Wa town","GHA",NA,1963,"PRESERVED_SPECIMEN","GEODETIC_DATUM_ASSUMED_WGS84;PRESUMED_NEGATED_LONGITUDE;CONTINENT_DERIVED_FROM_COORDINATES"
-1.11,10.48,"Loudetia hordeiformis",2252227303,"Chuchilliga Village","GHA",NA,1956,"PRESERVED_SPECIMEN","GEODETIC_DATUM_ASSUMED_WGS84;PRESUMED_NEGATED_LONGITUDE;CONTINENT_DERIVED_FROM_COORDINATES"
0.37,8.19,"Loudetia hordeiformis",2252227301,"Makongo","GHA",NA,1967,"PRESERVED_SPECIMEN","GEODETIC_DATUM_ASSUMED_WGS84;CONTINENT_DERIVED_FROM_COORDINATES"
-2.13,9.12,"Loudetia hordeiformis",2252227329,"Mole Game Reserve","GHA",NA,1966,"PRESERVED_SPECIMEN","GEODETIC_DATUM_ASSUMED_WGS84;PRESUMED_NEGATED_LONGITUDE;CONTINENT_DERIVED_FROM_COORDINATES"
-1.49,9.05,"Loudetia hordeiformis",2252227308,"Damongo Scarp","GHA",NA,1966,"PRESERVED_SPECIMEN","GEODETIC_DATUM_ASSUMED_WGS84;PRESUMED_NEGATED_LONGITUDE;CONTINENT_DERIVED_FROM_COORDINATES"
0.12,10.39,"Loudetia hordeiformis",2252227321,"Nakpanduri","GHA",NA,1972,"PRESERVED_SPECIMEN","GEODETIC_DATUM_ASSUMED_WGS84;CONTINENT_DERIVED_FROM_COORDINATES"
0.26,10.32,"Loudetia hordeiformis",2252227319,"Gambaga","GHA",NA,1954,"PRESERVED_SPECIMEN","GEODETIC_DATUM_ASSUMED_WGS84;CONTINENT_DERIVED_FROM_COORDINATES"
-8.816667,14.25,"Loudetia hordeiformis",2515911531,"6 km NW de Farakuludun.","MLI",NA,1979,"PRESERVED_SPECIMEN","INSTITUTION_MATCH_FUZZY;INSTITUTION_COLLECTION_MISMATCH"
13.2,9.433333,"Loudetia hordeiformis",2515825909,"Tcheboa, parcelles permanentes.","CMR",NA,1982,"PRESERVED_SPECIMEN","INSTITUTION_MATCH_FUZZY;INSTITUTION_COLLECTION_MISMATCH"
13.183333,9.016667,"Loudetia hordeiformis",346761119,"Tcheboa, parcelles permanentes","CMR",NA,1982,"PRESERVED_SPECIMEN","COORDINATE_ROUNDED;GEODETIC_DATUM_ASSUMED_WGS84;CONTINENT_DERIVED_FROM_COORDINATES;COLLECTION_MATCH_FUZZY"
13.466667,9.066667,"Loudetia hordeiformis",346756019,"Laende Massa, 33 km sud de Garoua","CMR",NA,1985,"PRESERVED_SPECIMEN","COORDINATE_ROUNDED;GEODETIC_DATUM_ASSUMED_WGS84;CONTINENT_DERIVED_FROM_COORDINATES;COLLECTION_MATCH_FUZZY"
-1.51,9.15,"Loudetia hordeiformis",1883737809,"","GHA",NA,1994,"PRESERVED_SPECIMEN","GEODETIC_DATUM_ASSUMED_WGS84;PRESUMED_NEGATED_LONGITUDE;CONTINENT_DERIVED_FROM_COORDINATES"
-0.48,10.31,"Loudetia hordeiformis",1883740925,"","GHA",NA,1963,"PRESERVED_SPECIMEN","GEODETIC_DATUM_ASSUMED_WGS84;PRESUMED_NEGATED_LONGITUDE;CONTINENT_DERIVED_FROM_COORDINATES"
-2.23,8.09,"Loudetia hordeiformis",1883740976,"","GHA",NA,1960,"PRESERVED_SPECIMEN","GEODETIC_DATUM_ASSUMED_WGS84;PRESUMED_NEGATED_LONGITUDE;CONTINENT_DERIVED_FROM_COORDINATES"
-2.46,10.39,"Loudetia hordeiformis",1883740896,"","GHA",NA,1963,"PRESERVED_SPECIMEN","GEODETIC_DATUM_ASSUMED_WGS84;PRESUMED_NEGATED_LONGITUDE;CONTINENT_DERIVED_FROM_COORDINATES"
-1.59,10.52,"Loudetia hordeiformis",1883740933,"","GHA",NA,1963,"PRESERVED_SPECIMEN","GEODETIC_DATUM_ASSUMED_WGS84;PRESUMED_NEGATED_LONGITUDE;CONTINENT_DERIVED_FROM_COORDINATES"
-1.44,8.04,"Loudetia hordeiformis",1883740956,"","GHA",NA,1958,"PRESERVED_SPECIMEN","GEODETIC_DATUM_ASSUMED_WGS84;PRESUMED_NEGATED_LONGITUDE;CONTINENT_DERIVED_FROM_COORDINATES"
-2.12,8.32,"Loudetia hordeiformis",1883740917,"","GHA",NA,1956,"PRESERVED_SPECIMEN","GEODETIC_DATUM_ASSUMED_WGS84;PRESUMED_NEGATED_LONGITUDE;CONTINENT_DERIVED_FROM_COORDINATES"
-16.2758,12.3881,"Loudetia hordeiformis",1275085336,"São Domingos,Cacheu","GNB",NA,2000,"HUMAN_OBSERVATION","GEODETIC_DATUM_ASSUMED_WGS84"
-16.1564,11.1383,"Loudetia hordeiformis",1275085338,"Uno,Bolama","GNB",NA,2000,"HUMAN_OBSERVATION","GEODETIC_DATUM_ASSUMED_WGS84"
-16.3858,12.3278,"Loudetia hordeiformis",1275085318,"São Domingos,Cacheu","GNB",NA,2000,"HUMAN_OBSERVATION","GEODETIC_DATUM_ASSUMED_WGS84"
10.166667,6.716667,"Loudetia hordeiformis",2516113496,"piste Baji-Essu, 12 km NNE Essu, village situé à 20km au N. de Wum.","CMR",NA,1975,"PRESERVED_SPECIMEN","INSTITUTION_MATCH_FUZZY;INSTITUTION_COLLECTION_MISMATCH"
3.333333,10.266667,"Loudetia hordeiformis",2243144752,"Kalalè","BEN",NA,1989,"PRESERVED_SPECIMEN","GEODETIC_DATUM_ASSUMED_WGS84;CONTINENT_DERIVED_FROM_COORDINATES;INSTITUTION_MATCH_FUZZY;COLLECTION_MATCH_FUZZY"
2.15,9.15,"Loudetia hordeiformis",1839427499,"Wari Maro","BEN",NA,1998,"PRESERVED_SPECIMEN","GEODETIC_DATUM_ASSUMED_WGS84;CONTINENT_DERIVED_FROM_COORDINATES;INSTITUTION_MATCH_FUZZY;COLLECTION_MATCH_FUZZY"
3.402525,10.047083,"Loudetia hordeiformis",3001010582,"Kalal�","BEN",NA,1998,"HUMAN_OBSERVATION","GEODETIC_DATUM_ASSUMED_WGS84"
3.378472,10.293428,"Loudetia hordeiformis",3001010581,"Sakabansi","BEN",NA,1998,"HUMAN_OBSERVATION","GEODETIC_DATUM_ASSUMED_WGS84"
3.121799,10.294706,"Loudetia hordeiformis",3001010584,"Sakabansi","BEN",NA,1998,"HUMAN_OBSERVATION","GEODETIC_DATUM_ASSUMED_WGS84"
2.3392,7.7702,"Loudetia hordeiformis",3001030441,"Dassa-zoum�","BEN",NA,2013,"HUMAN_OBSERVATION","GEODETIC_DATUM_ASSUMED_WGS84"
2.339,7.5755,"Loudetia hordeiformis",3001030442,"Dassa-zoum�","BEN",NA,2013,"HUMAN_OBSERVATION","GEODETIC_DATUM_ASSUMED_WGS84"
2.7114,7.1557,"Loudetia hordeiformis",3001035896,"Pob�, Akpate","BEN",NA,2008,"HUMAN_OBSERVATION","GEODETIC_DATUM_ASSUMED_WGS84"
2.1857,7.0263,"Loudetia hordeiformis",3001035908,"Zogbodomey, Zalimey","BEN",NA,2008,"HUMAN_OBSERVATION","GEODETIC_DATUM_ASSUMED_WGS84"
2.7228,9.348,"Loudetia hordeiformis",3001035964,"Tchaourou, Kpassa","BEN",NA,2008,"HUMAN_OBSERVATION","GEODETIC_DATUM_ASSUMED_WGS84"
-0.3,11.26667,"Loudetia hordeiformis",437983897,"Bitou","BFA",NA,1974,"PRESERVED_SPECIMEN","GEODETIC_DATUM_ASSUMED_WGS84;CONTINENT_DERIVED_FROM_COORDINATES;COLLECTION_MATCH_FUZZY"
