"lon","lat","species","gbifID","locality","countryCode","coordinateUncertaintyInMeters","year","basisOfRecord","issue"
169.301777,-45.192184,"Sophora microphylla",2283193008,"","NZL",4,2019,"HUMAN_OBSERVATION","COORDINATE_ROUNDED;CONTINENT_DERIVED_FROM_COORDINATES"
169.08384,-45.01001,"Sophora microphylla",2236889781,"","NZL",NA,2019,"HUMAN_OBSERVATION","CONTINENT_DERIVED_FROM_COORDINATES"
172.435416,-43.471906,"Sophora microphylla",3455532289,"","NZL",NA,2021,"HUMAN_OBSERVATION","COORDINATE_ROUNDED;CONTINENT_DERIVED_FROM_COORDINATES;TAXON_MATCH_HIGHERRANK"
169.191794,-45.065903,"Sophora microphylla",4067634585,"","NZL",5,2022,"HUMAN_OBSERVATION","COORDINATE_ROUNDED;CONTINENT_DERIVED_FROM_COORDINATES"
172.470047,-43.64618,"Sophora microphylla",3415523376,"","NZL",NA,2021,"HUMAN_OBSERVATION","COORDINATE_ROUNDED;CONTINENT_DERIVED_FROM_COORDINATES"
170.965425,-44.509656,"Sophora microphylla",1038319643,"","NZL",NA,2014,"HUMAN_OBSERVATION","CONTINENT_DERIVED_FROM_COORDINATES"
172.650755,-43.596092,"Sophora microphylla",2603480691,"","NZL",NA,2020,"HUMAN_OBSERVATION","COORDINATE_ROUNDED;CONTINENT_DERIVED_FROM_COORDINATES"
172.33251,-43.468874,"Sophora microphylla",3468885143,"","NZL",116,2022,"HUMAN_OBSERVATION","COORDINATE_ROUNDED;CONTINENT_DERIVED_FROM_COORDINATES"
175.815528,-40.044317,"Sophora microphylla",3998720680,"","NZL",24,2022,"HUMAN_OBSERVATION","COORDINATE_ROUNDED;COUNTRY_DERIVED_FROM_COORDINATES;CONTINENT_DERIVED_FROM_COORDINATES"
-71.978735,-39.273471,"Sophora microphylla",3954182666,"","CHL",16,2020,"HUMAN_OBSERVATION","COORDINATE_ROUNDED;COUNTRY_DERIVED_FROM_COORDINATES;CONTINENT_DERIVED_FROM_COORDINATES"
-72.91,-37.18,"Sophora microphylla",910452764,"Proximidades","CHL",550,1995,"PRESERVED_SPECIMEN","INSTITUTION_MATCH_NONE"
176.24433,-38.125966,"Sophora microphylla",3956589819,"","NZL",3,2019,"HUMAN_OBSERVATION","COORDINATE_ROUNDED;COUNTRY_DERIVED_FROM_COORDINATES;CONTINENT_DERIVED_FROM_COORDINATES"
-73.072973,-38.978111,"Sophora microphylla",3997896125,"","CHL",12,2022,"HUMAN_OBSERVATION","COORDINATE_ROUNDED;COUNTRY_DERIVED_FROM_COORDINATES;CONTINENT_DERIVED_FROM_COORDINATES"
-73.004497,-41.190277,"Sophora microphylla",3954550889,"","CHL",9,2022,"HUMAN_OBSERVATION","COORDINATE_ROUNDED;COUNTRY_DERIVED_FROM_COORDINATES;CONTINENT_DERIVED_FROM_COORDINATES"
170.597076,-45.888096,"Sophora microphylla",1703201017,"","NZL",182,2017,"HUMAN_OBSERVATION","CONTINENT_DERIVED_FROM_COORDINATES"
171.865407,-43.653369,"Sophora microphylla",4006529114,"","NZL",4,2022,"HUMAN_OBSERVATION","COORDINATE_ROUNDED;CONTINENT_DERIVED_FROM_COORDINATES"
168.993256,-44.633313,"Sophora microphylla",3985815655,"","NZL",8,2022,"HUMAN_OBSERVATION","COORDINATE_ROUNDED;CONTINENT_DERIVED_FROM_COORDINATES"
176.342118,-39.536157,"Sophora microphylla",3415629216,"","NZL",NA,2021,"HUMAN_OBSERVATION","COORDINATE_ROUNDED;CONTINENT_DERIVED_FROM_COORDINATES"
172.738175,-43.62634,"Sophora microphylla",1914213429,"","NZL",122,2018,"HUMAN_OBSERVATION","COORDINATE_ROUNDED;CONTINENT_DERIVED_FROM_COORDINATES"
169.352978,-45.294818,"Sophora microphylla",1038330392,"","NZL",747,2010,"HUMAN_OBSERVATION","COORDINATE_ROUNDED;CONTINENT_DERIVED_FROM_COORDINATES"
174.73916,-35.965656,"Sophora microphylla",1948770772,"","NZL",38,2018,"HUMAN_OBSERVATION","COORDINATE_ROUNDED;CONTINENT_DERIVED_FROM_COORDINATES"
171.786767,-43.611298,"Sophora microphylla",3925131307,"","NZL",100,2014,"HUMAN_OBSERVATION","COORDINATE_ROUNDED;CONTINENT_DERIVED_FROM_COORDINATES"
172.116833,-43.7935,"Sophora microphylla",1038309113,"","NZL",NA,2013,"HUMAN_OBSERVATION","COORDINATE_ROUNDED;CONTINENT_DERIVED_FROM_COORDINATES"
175.907637,-37.588355,"Sophora microphylla",2992761031,"","NZL",4,2020,"HUMAN_OBSERVATION","COORDINATE_ROUNDED;CONTINENT_DERIVED_FROM_COORDINATES"
172.70718,-43.69872,"Sophora microphylla",1305180649,"","NZL",NA,2006,"HUMAN_OBSERVATION","CONTINENT_DERIVED_FROM_COORDINATES"
174.668367,-36.399003,"Sophora microphylla",3384946095,"","NZL",4,2021,"HUMAN_OBSERVATION","COORDINATE_ROUNDED;CONTINENT_DERIVED_FROM_COORDINATES"
172.573809,-43.430756,"Sophora microphylla",3320870293,"","NZL",9,2021,"HUMAN_OBSERVATION","COORDINATE_ROUNDED;CONTINENT_DERIVED_FROM_COORDINATES"
-72.252015,-40.227108,"Sophora microphylla",3957323159,"","CHL",5,2022,"HUMAN_OBSERVATION","COORDINATE_ROUNDED;COUNTRY_DERIVED_FROM_COORDINATES;CONTINENT_DERIVED_FROM_COORDINATES"
174.519861,-36.284988,"Sophora microphylla",3959120101,"","NZL",18,2021,"HUMAN_OBSERVATION","COORDINATE_ROUNDED;COUNTRY_DERIVED_FROM_COORDINATES;CONTINENT_DERIVED_FROM_COORDINATES"
-73.243945,-39.839138,"Sophora microphylla",3956491791,"","CHL",22,2018,"HUMAN_OBSERVATION","COORDINATE_ROUNDED;COUNTRY_DERIVED_FROM_COORDINATES;CONTINENT_DERIVED_FROM_COORDINATES"
173.097197,-41.254451,"Sophora microphylla",3955458799,"","NZL",16,2022,"HUMAN_OBSERVATION","COORDINATE_ROUNDED;COUNTRY_DERIVED_FROM_COORDINATES;CONTINENT_DERIVED_FROM_COORDINATES"
175.193833,-41.056214,"Sophora microphylla",2563572174,"","NZL",2274,2019,"HUMAN_OBSERVATION","COORDINATE_ROUNDED;CONTINENT_DERIVED_FROM_COORDINATES"
173.243695,-42.94547,"Sophora microphylla",1038297745,"","NZL",NA,2012,"HUMAN_OBSERVATION","CONTINENT_DERIVED_FROM_COORDINATES"
170.6036,-45.776371,"Sophora microphylla",1453243456,"","NZL",104,2016,"HUMAN_OBSERVATION","COORDINATE_ROUNDED;CONTINENT_DERIVED_FROM_COORDINATES"
167.708862,-45.41433,"Sophora microphylla",3860542388,"","NZL",96,2022,"HUMAN_OBSERVATION","COORDINATE_ROUNDED;CONTINENT_DERIVED_FROM_COORDINATES"
172.658848,-43.314949,"Sophora microphylla",1038314917,"","NZL",NA,2014,"HUMAN_OBSERVATION","COORDINATE_ROUNDED;CONTINENT_DERIVED_FROM_COORDINATES"
167.668146,-45.162546,"Sophora microphylla",3499390928,"","NZL",61,2021,"HUMAN_OBSERVATION","COORDINATE_ROUNDED;CONTINENT_DERIVED_FROM_COORDINATES"
175.504485,-41.396325,"Sophora microphylla",1135344808,"","NZL",5,2014,"HUMAN_OBSERVATION","CONTINENT_DERIVED_FROM_COORDINATES"
170.470927,-45.863157,"Sophora microphylla",2465166157,"","NZL",15,2019,"HUMAN_OBSERVATION","COORDINATE_ROUNDED;CONTINENT_DERIVED_FROM_COORDINATES"
175.141006,-37.88068,"Sophora microphylla",3457171536,"","NZL",4,2021,"HUMAN_OBSERVATION","COORDINATE_ROUNDED;CONTINENT_DERIVED_FROM_COORDINATES"
169.797214,-45.158224,"Sophora microphylla",2850647991,"","NZL",4,2020,"HUMAN_OBSERVATION","COORDINATE_ROUNDED;CONTINENT_DERIVED_FROM_COORDINATES"
169.617636,-46.413894,"Sophora microphylla",3925117833,"","NZL",2973,2022,"HUMAN_OBSERVATION","COORDINATE_ROUNDED;CONTINENT_DERIVED_FROM_COORDINATES"
169.812031,-46.446719,"Sophora microphylla",1453145501,"","NZL",8,2016,"HUMAN_OBSERVATION","COORDINATE_ROUNDED;CONTINENT_DERIVED_FROM_COORDINATES"
170.777847,-45.400622,"Sophora microphylla",1836577955,"","NZL",10,2018,"HUMAN_OBSERVATION","COORDINATE_ROUNDED;CONTINENT_DERIVED_FROM_COORDINATES"
172.841297,-43.715259,"Sophora microphylla",1265569931,"","NZL",NA,2016,"HUMAN_OBSERVATION","CONTINENT_DERIVED_FROM_COORDINATES"
171.657386,-43.517475,"Sophora microphylla",1668821243,"","NZL",261,2017,"HUMAN_OBSERVATION","COORDINATE_ROUNDED;CONTINENT_DERIVED_FROM_COORDINATES"
174.320601,-39.200024,"Sophora microphylla",2873989566,"","NZL",4,2020,"HUMAN_OBSERVATION","COORDINATE_ROUNDED;CONTINENT_DERIVED_FROM_COORDINATES"
170.246915,-45.448881,"Sophora microphylla",2429554185,"","NZL",61,2005,"HUMAN_OBSERVATION","COORDINATE_ROUNDED;CONTINENT_DERIVED_FROM_COORDINATES"
175.46803,-40.89993,"Sophora microphylla",4046414951,"","NZL",97,2023,"HUMAN_OBSERVATION","COORDINATE_ROUNDED;CONTINENT_DERIVED_FROM_COORDINATES"
175.273386,-37.76099,"Sophora microphylla",3986182943,"","NZL",5,2022,"HUMAN_OBSERVATION","COORDINATE_ROUNDED;CONTINENT_DERIVED_FROM_COORDINATES"
168.659317,-45.032761,"Sophora microphylla",4054815745,"","NZL",88,2023,"HUMAN_OBSERVATION","COORDINATE_ROUNDED;CONTINENT_DERIVED_FROM_COORDINATES"
172.81838,-43.088763,"Sophora microphylla",1315057505,"","NZL",22,2016,"HUMAN_OBSERVATION","CONTINENT_DERIVED_FROM_COORDINATES"
170.830495,-44.331853,"Sophora microphylla",2988511242,"","NZL",20,2020,"HUMAN_OBSERVATION","CONTINENT_DERIVED_FROM_COORDINATES"
168.007446,-44.354081,"Sophora microphylla",3058761003,"","NZL",8,2021,"HUMAN_OBSERVATION","COORDINATE_ROUNDED;CONTINENT_DERIVED_FROM_COORDINATES"
169.838682,-44.976724,"Sophora microphylla",1291146285,"","NZL",15,2016,"HUMAN_OBSERVATION","COORDINATE_ROUNDED;CONTINENT_DERIVED_FROM_COORDINATES"
175.858651,-40.686779,"Sophora microphylla",1052586738,"","NZL",25,2014,"HUMAN_OBSERVATION","CONTINENT_DERIVED_FROM_COORDINATES"
174.108322,-39.075425,"Sophora microphylla",2244258560,"","NZL",5,2019,"HUMAN_OBSERVATION","COORDINATE_ROUNDED;CONTINENT_DERIVED_FROM_COORDINATES"
174.281111,-39.341389,"Sophora microphylla",2802676211,"","NZL",NA,2020,"HUMAN_OBSERVATION","COORDINATE_ROUNDED;CONTINENT_DERIVED_FROM_COORDINATES"
174.962536,-41.179919,"Sophora microphylla",3466075456,"","NZL",4,2020,"HUMAN_OBSERVATION","COORDINATE_ROUNDED;CONTINENT_DERIVED_FROM_COORDINATES"
172.260557,-41.791915,"Sophora microphylla",3468993174,"","NZL",31,2022,"HUMAN_OBSERVATION","COORDINATE_ROUNDED;CONTINENT_DERIVED_FROM_COORDINATES"
176.15677,-38.131608,"Sophora microphylla",3118245401,"","NZL",4,2021,"HUMAN_OBSERVATION","COORDINATE_ROUNDED;CONTINENT_DERIVED_FROM_COORDINATES"
175.131567,-39.97782,"Sophora microphylla",2634016181,"","NZL",NA,2020,"HUMAN_OBSERVATION","COORDINATE_ROUNDED;CONTINENT_DERIVED_FROM_COORDINATES"
169.909163,-45.082173,"Sophora microphylla",3079617337,"","NZL",23,2021,"HUMAN_OBSERVATION","CONTINENT_DERIVED_FROM_COORDINATES"
175.021365,-41.129254,"Sophora microphylla",1098899922,"","NZL",25,2015,"HUMAN_OBSERVATION","CONTINENT_DERIVED_FROM_COORDINATES"
171.14987,-42.536548,"Sophora microphylla",1586144154,"","NZL",NA,2017,"HUMAN_OBSERVATION","COORDINATE_ROUNDED;CONTINENT_DERIVED_FROM_COORDINATES"
170.517116,-45.337551,"Sophora microphylla",3059168032,"","NZL",4,2021,"HUMAN_OBSERVATION","COORDINATE_ROUNDED;CONTINENT_DERIVED_FROM_COORDINATES"
174.99432,-37.123517,"Sophora microphylla",4022231988,"","NZL",90,2023,"HUMAN_OBSERVATION","COORDINATE_ROUNDED;CONTINENT_DERIVED_FROM_COORDINATES"
172.121383,-43.419747,"Sophora microphylla",3925237313,"","NZL",4,2022,"HUMAN_OBSERVATION","COORDINATE_ROUNDED;CONTINENT_DERIVED_FROM_COORDINATES"
169.125975,-44.676504,"Sophora microphylla",2980832764,"","NZL",64,2020,"HUMAN_OBSERVATION","COORDINATE_ROUNDED;CONTINENT_DERIVED_FROM_COORDINATES"
174.912506,-41.354168,"Sophora microphylla",2244251918,"","NZL",NA,2019,"HUMAN_OBSERVATION","COORDINATE_ROUNDED;CONTINENT_DERIVED_FROM_COORDINATES"
168.02951,-45.995613,"Sophora microphylla",2429564711,"","NZL",3,2018,"HUMAN_OBSERVATION","COORDINATE_ROUNDED;CONTINENT_DERIVED_FROM_COORDINATES"
172.718263,-43.489203,"Sophora microphylla",2422831820,"","NZL",NA,2015,"HUMAN_OBSERVATION","CONTINENT_DERIVED_FROM_COORDINATES"
171.246854,-42.408831,"Sophora microphylla",4034658089,"","NZL",4,2023,"HUMAN_OBSERVATION","COORDINATE_ROUNDED;CONTINENT_DERIVED_FROM_COORDINATES"
168.770694,-45.140862,"Sophora microphylla",3988560031,"","NZL",4,2022,"HUMAN_OBSERVATION","COORDINATE_ROUNDED;CONTINENT_DERIVED_FROM_COORDINATES"
171.595764,-43.73621,"Sophora microphylla",4054757653,"","NZL",4,2023,"HUMAN_OBSERVATION","COORDINATE_ROUNDED;CONTINENT_DERIVED_FROM_COORDINATES"
167.822521,-45.873994,"Sophora microphylla",2557742974,"","NZL",15,2020,"HUMAN_OBSERVATION","COORDINATE_ROUNDED;CONTINENT_DERIVED_FROM_COORDINATES"
168.80191,-44.93213,"Sophora microphylla",1931510957,"","NZL",5,2018,"HUMAN_OBSERVATION","CONTINENT_DERIVED_FROM_COORDINATES"
172.33647,-42.800003,"Sophora microphylla",4055041983,"","NZL",73,2022,"HUMAN_OBSERVATION","COORDINATE_ROUNDED;CONTINENT_DERIVED_FROM_COORDINATES"
167.600342,-45.52288,"Sophora microphylla",2557769740,"","NZL",64,2020,"HUMAN_OBSERVATION","COORDINATE_ROUNDED;CONTINENT_DERIVED_FROM_COORDINATES"
171.579517,-43.434091,"Sophora microphylla",3302483619,"","NZL",8,2021,"HUMAN_OBSERVATION","COORDINATE_ROUNDED;CONTINENT_DERIVED_FROM_COORDINATES"
174.03992,-36.07601,"Sophora microphylla",2265885472,"","NZL",150,2019,"HUMAN_OBSERVATION","COORDINATE_ROUNDED;CONTINENT_DERIVED_FROM_COORDINATES"
168.438439,-46.220044,"Sophora microphylla",3773361940,"","NZL",NA,2022,"HUMAN_OBSERVATION","COORDINATE_ROUNDED;CONTINENT_DERIVED_FROM_COORDINATES"
169.435844,-44.943061,"Sophora microphylla",1913688226,"","NZL",15,2018,"HUMAN_OBSERVATION","COORDINATE_ROUNDED;CONTINENT_DERIVED_FROM_COORDINATES"
169.474868,-46.357853,"Sophora microphylla",1932323672,"","NZL",525,2018,"HUMAN_OBSERVATION","COORDINATE_ROUNDED;CONTINENT_DERIVED_FROM_COORDINATES"
172.471554,-40.650359,"Sophora microphylla",2868166362,"","NZL",8,2020,"HUMAN_OBSERVATION","COORDINATE_ROUNDED;CONTINENT_DERIVED_FROM_COORDINATES"
175.041587,-36.781665,"Sophora microphylla",3391629718,"","NZL",61,2019,"HUMAN_OBSERVATION","COORDINATE_ROUNDED;CONTINENT_DERIVED_FROM_COORDINATES"
170.653427,-44.90152,"Sophora microphylla",4018324325,"","NZL",150,2023,"HUMAN_OBSERVATION","COORDINATE_ROUNDED;CONTINENT_DERIVED_FROM_COORDINATES"
169.27442,-45.413658,"Sophora microphylla",1272085384,"","NZL",25,2016,"HUMAN_OBSERVATION","CONTINENT_DERIVED_FROM_COORDINATES"
175.722255,-39.647696,"Sophora microphylla",4046308201,"","NZL",106,2023,"HUMAN_OBSERVATION","COORDINATE_ROUNDED;CONTINENT_DERIVED_FROM_COORDINATES"
170.247096,-45.844724,"Sophora microphylla",1880548092,"","NZL",34,2018,"HUMAN_OBSERVATION","COORDINATE_ROUNDED;CONTINENT_DERIVED_FROM_COORDINATES"
172.222282,-43.227825,"Sophora microphylla",4034717839,"","NZL",NA,2023,"HUMAN_OBSERVATION","COORDINATE_ROUNDED;CONTINENT_DERIVED_FROM_COORDINATES"
167.712843,-45.315178,"Sophora microphylla",3070550553,"","NZL",1953,2018,"HUMAN_OBSERVATION","COORDINATE_ROUNDED;CONTINENT_DERIVED_FROM_COORDINATES"
169.88766,-44.288381,"Sophora microphylla",1993744720,"","NZL",313,2019,"HUMAN_OBSERVATION","COORDINATE_ROUNDED;CONTINENT_DERIVED_FROM_COORDINATES"
169.22529,-43.715567,"Sophora microphylla",4011811371,"","NZL",3,2022,"HUMAN_OBSERVATION","COORDINATE_ROUNDED;CONTINENT_DERIVED_FROM_COORDINATES"
167.636203,-45.880568,"Sophora microphylla",3912235612,"","NZL",80,2022,"HUMAN_OBSERVATION","COORDINATE_ROUNDED;CONTINENT_DERIVED_FROM_COORDINATES"
174.199722,-39.158611,"Sophora microphylla",2423127825,"","NZL",NA,2019,"HUMAN_OBSERVATION","COORDINATE_ROUNDED;CONTINENT_DERIVED_FROM_COORDINATES"
175.659805,-37.657745,"Sophora microphylla",3455934553,"","NZL",11,2021,"HUMAN_OBSERVATION","CONTINENT_DERIVED_FROM_COORDINATES"
171.370836,-43.311706,"Sophora microphylla",4046296104,"","NZL",3,2023,"HUMAN_OBSERVATION","COORDINATE_ROUNDED;CONTINENT_DERIVED_FROM_COORDINATES"
174.774124,-37.842396,"Sophora microphylla",2802895027,"","NZL",NA,2020,"HUMAN_OBSERVATION","COORDINATE_ROUNDED;CONTINENT_DERIVED_FROM_COORDINATES"
170.850573,-44.335593,"Sophora microphylla",2988569081,"","NZL",NA,2020,"HUMAN_OBSERVATION","COORDINATE_ROUNDED;CONTINENT_DERIVED_FROM_COORDINATES"
169.303891,-44.944027,"Sophora microphylla",3325936478,"","NZL",NA,2021,"HUMAN_OBSERVATION","COORDINATE_ROUNDED;CONTINENT_DERIVED_FROM_COORDINATES"
170.105427,-45.125828,"Sophora microphylla",3760037950,"","NZL",468,2022,"HUMAN_OBSERVATION","COORDINATE_ROUNDED;CONTINENT_DERIVED_FROM_COORDINATES"
172.717296,-42.709858,"Sophora microphylla",3031985960,"","NZL",4,2021,"HUMAN_OBSERVATION","COORDINATE_ROUNDED;CONTINENT_DERIVED_FROM_COORDINATES"
174.616377,-36.951607,"Sophora microphylla",2813864308,"","NZL",NA,2016,"HUMAN_OBSERVATION","CONTINENT_DERIVED_FROM_COORDINATES"
170.546136,-45.286524,"Sophora microphylla",1265572928,"","NZL",247,2016,"HUMAN_OBSERVATION","CONTINENT_DERIVED_FROM_COORDINATES"
173.104698,-41.493817,"Sophora microphylla",1265564216,"","NZL",12,2016,"HUMAN_OBSERVATION","CONTINENT_DERIVED_FROM_COORDINATES"
169.370712,-45.118664,"Sophora microphylla",3399179019,"","NZL",3,2021,"HUMAN_OBSERVATION","COORDINATE_ROUNDED;CONTINENT_DERIVED_FROM_COORDINATES"
173.242263,-41.279667,"Sophora microphylla",2460020212,"","NZL",8,2019,"HUMAN_OBSERVATION","COORDINATE_ROUNDED;CONTINENT_DERIVED_FROM_COORDINATES"
173.563553,-41.304429,"Sophora microphylla",2576471242,"","NZL",NA,2020,"HUMAN_OBSERVATION","COORDINATE_ROUNDED;CONTINENT_DERIVED_FROM_COORDINATES"
169.334491,-44.654814,"Sophora microphylla",1837075894,"","NZL",8,2018,"HUMAN_OBSERVATION","COORDINATE_ROUNDED;CONTINENT_DERIVED_FROM_COORDINATES"
173.659576,-42.340005,"Sophora microphylla",3923308778,"","NZL",4,2022,"HUMAN_OBSERVATION","COORDINATE_ROUNDED;CONTINENT_DERIVED_FROM_COORDINATES"
168.359563,-46.383667,"Sophora microphylla",1914326302,"","NZL",122,2018,"HUMAN_OBSERVATION","COORDINATE_ROUNDED;CONTINENT_DERIVED_FROM_COORDINATES"
167.610181,-45.482132,"Sophora microphylla",4029072388,"","NZL",44,2023,"HUMAN_OBSERVATION","COORDINATE_ROUNDED;CONTINENT_DERIVED_FROM_COORDINATES"
175.265992,-41.284976,"Sophora microphylla",1038323325,"","NZL",34,2014,"HUMAN_OBSERVATION","COORDINATE_ROUNDED;CONTINENT_DERIVED_FROM_COORDINATES"
168.282437,-45.808091,"Sophora microphylla",1831094662,"","NZL",26,2018,"HUMAN_OBSERVATION","COORDINATE_ROUNDED;CONTINENT_DERIVED_FROM_COORDINATES"
173.600855,-35.37669,"Sophora microphylla",2596065145,"","NZL",NA,2020,"HUMAN_OBSERVATION","CONTINENT_DERIVED_FROM_COORDINATES"
169.466995,-46.552608,"Sophora microphylla",1990529043,"","NZL",122,2019,"HUMAN_OBSERVATION","COORDINATE_ROUNDED;CONTINENT_DERIVED_FROM_COORDINATES"
171.518898,-43.324553,"Sophora microphylla",1212006041,"","NZL",NA,2012,"HUMAN_OBSERVATION","COORDINATE_ROUNDED;CONTINENT_DERIVED_FROM_COORDINATES"
172.343921,-41.795611,"Sophora microphylla",1920833908,"","NZL",8,2018,"HUMAN_OBSERVATION","COORDINATE_ROUNDED;CONTINENT_DERIVED_FROM_COORDINATES"
174.963232,-40.973367,"Sophora microphylla",1500233146,"","NZL",9,2017,"HUMAN_OBSERVATION","COORDINATE_ROUNDED;CONTINENT_DERIVED_FROM_COORDINATES"
176.286299,-40.765234,"Sophora microphylla",1038331550,"","NZL",201,2014,"HUMAN_OBSERVATION","COORDINATE_ROUNDED;CONTINENT_DERIVED_FROM_COORDINATES"
172.203456,-42.724575,"Sophora microphylla",3455976314,"","NZL",45,2021,"HUMAN_OBSERVATION","COORDINATE_ROUNDED;CONTINENT_DERIVED_FROM_COORDINATES"
171.7603,-43.011606,"Sophora microphylla",3456087428,"","NZL",1904,2022,"HUMAN_OBSERVATION","COORDINATE_ROUNDED;CONTINENT_DERIVED_FROM_COORDINATES"
170.090809,-45.978829,"Sophora microphylla",1668850916,"","NZL",8,2017,"HUMAN_OBSERVATION","COORDINATE_ROUNDED;CONTINENT_DERIVED_FROM_COORDINATES"
170.659842,-44.084721,"Sophora microphylla",1265571501,"","NZL",27,2014,"HUMAN_OBSERVATION","CONTINENT_DERIVED_FROM_COORDINATES"
172.172656,-43.79804,"Sophora microphylla",3039233935,"","NZL",357,2021,"HUMAN_OBSERVATION","COORDINATE_ROUNDED;CONTINENT_DERIVED_FROM_COORDINATES"
-73.216417,-39.799122,"Sophora microphylla",3954438274,"","CHL",5,2022,"HUMAN_OBSERVATION","COORDINATE_ROUNDED;COUNTRY_DERIVED_FROM_COORDINATES;CONTINENT_DERIVED_FROM_COORDINATES"
168.028808,-46.020746,"Sophora microphylla",2596109975,"","NZL",NA,2020,"HUMAN_OBSERVATION","COORDINATE_ROUNDED;CONTINENT_DERIVED_FROM_COORDINATES"
174.646832,-36.750008,"Sophora microphylla",1880479167,"","NZL",31,2018,"HUMAN_OBSERVATION","COORDINATE_ROUNDED;CONTINENT_DERIVED_FROM_COORDINATES"
168.310558,-45.985978,"Sophora microphylla",3925092360,"","NZL",8,2019,"HUMAN_OBSERVATION","COORDINATE_ROUNDED;CONTINENT_DERIVED_FROM_COORDINATES"
174.965614,-41.157235,"Sophora microphylla",2626558827,"","NZL",22,2020,"HUMAN_OBSERVATION","COORDINATE_ROUNDED;CONTINENT_DERIVED_FROM_COORDINATES"
170.488994,-45.82751,"Sophora microphylla",1038316098,"","NZL",NA,2014,"HUMAN_OBSERVATION","COORDINATE_ROUNDED;CONTINENT_DERIVED_FROM_COORDINATES"
173.861447,-39.459445,"Sophora microphylla",4014900347,"","NZL",8,2019,"HUMAN_OBSERVATION","COORDINATE_ROUNDED;CONTINENT_DERIVED_FROM_COORDINATES"
-73.05,-36.95,"Sophora microphylla",1936393193,"Prov. Concepción. Camino de Concepción a Santa Juana. Palco","CHL",NA,1986,"PRESERVED_SPECIMEN","GEODETIC_DATUM_ASSUMED_WGS84;CONTINENT_DERIVED_FROM_COORDINATES;INSTITUTION_MATCH_FUZZY;COLLECTION_MATCH_FUZZY"
175.807233,-36.845696,"Sophora microphylla",3997907265,"","NZL",8,2022,"HUMAN_OBSERVATION","COORDINATE_ROUNDED;COUNTRY_DERIVED_FROM_COORDINATES;CONTINENT_DERIVED_FROM_COORDINATES"
-72.197321,-37.489754,"Sophora microphylla",3953322465,"","CHL",NA,2020,"HUMAN_OBSERVATION","COORDINATE_ROUNDED;COUNTRY_DERIVED_FROM_COORDINATES;CONTINENT_DERIVED_FROM_COORDINATES"
175.06572,-40.873564,"Sophora microphylla",4046358574,"","NZL",180,2022,"HUMAN_OBSERVATION","COORDINATE_ROUNDED;CONTINENT_DERIVED_FROM_COORDINATES"
172.730077,-40.854458,"Sophora microphylla",3912068791,"","NZL",188,2022,"HUMAN_OBSERVATION","COORDINATE_ROUNDED;CONTINENT_DERIVED_FROM_COORDINATES"
173.646,-42.3218,"Sophora microphylla",1312609986,"Ma n waima","NZL",50,1985,"HUMAN_OBSERVATION","GEODETIC_DATUM_ASSUMED_WGS84;CONTINENT_DERIVED_FROM_COORDINATES"
171.1811,-43.2156,"Sophora microphylla",1312172151,"Aia mistake","NZL",50,1980,"HUMAN_OBSERVATION","GEODETIC_DATUM_ASSUMED_WGS84;CONTINENT_DERIVED_FROM_COORDINATES"
173.4187,-42.544,"Sophora microphylla",1312988928,"K okarahia","NZL",50,1967,"HUMAN_OBSERVATION","GEODETIC_DATUM_ASSUMED_WGS84;CONTINENT_DERIVED_FROM_COORDINATES"
173.8806,-42.0439,"Sophora microphylla",1312992394,"K clarence","NZL",50,1966,"HUMAN_OBSERVATION","GEODETIC_DATUM_ASSUMED_WGS84;CONTINENT_DERIVED_FROM_COORDINATES"
173.7706,-42.1795,"Sophora microphylla",1312993361,"K wharekiri","NZL",50,1966,"HUMAN_OBSERVATION","GEODETIC_DATUM_ASSUMED_WGS84;CONTINENT_DERIVED_FROM_COORDINATES"
173.9843,-41.9018,"Sophora microphylla",1889942784,"Isolation","NZL",5,2008,"HUMAN_OBSERVATION","GEODETIC_DATUM_ASSUMED_WGS84;CONTINENT_DERIVED_FROM_COORDINATES"
173.2283,-42.4421,"Sophora microphylla",1312076058,"Conway rvr","NZL",500,1983,"HUMAN_OBSERVATION","GEODETIC_DATUM_ASSUMED_WGS84;CONTINENT_DERIVED_FROM_COORDINATES"
172.0945,-41.5436,"Sophora microphylla",1313404381,"Mokihinui, Lower gorge","NZL",5,2011,"HUMAN_OBSERVATION","GEODETIC_DATUM_ASSUMED_WGS84;CONTINENT_DERIVED_FROM_COORDINATES"
171.9573,-43.2952,"Sophora microphylla",1313440302,"Kowai","NZL",5,1998,"HUMAN_OBSERVATION","GEODETIC_DATUM_ASSUMED_WGS84;CONTINENT_DERIVED_FROM_COORDINATES"
175.0012,-37.4866,"Sophora microphylla",3915828993,"Waikato;Waikato River;Awaroa Stream","NZL",5,2021,"HUMAN_OBSERVATION","GEODETIC_DATUM_ASSUMED_WGS84;CONTINENT_DERIVED_FROM_COORDINATES"
170.395,-43.0626,"Sophora microphylla",1312042666,"Water hina","NZL",50,1983,"HUMAN_OBSERVATION","GEODETIC_DATUM_ASSUMED_WGS84;CONTINENT_DERIVED_FROM_COORDINATES"
173.7893,-42.1454,"Sophora microphylla",1312108953,"Rence millr","NZL",50,1982,"HUMAN_OBSERVATION","GEODETIC_DATUM_ASSUMED_WGS84;CONTINENT_DERIVED_FROM_COORDINATES"
172.3571,-43.138,"Sophora microphylla",1312208458,"Whare Stream, Okuku River","NZL",50,1978,"HUMAN_OBSERVATION","GEODETIC_DATUM_ASSUMED_WGS84;CONTINENT_DERIVED_FROM_COORDINATES"
171.1476,-43.753,"Sophora microphylla",1313421764,"Coal Hill Stm, Rangitata Riv, (above School House) Rangitata","NZL",50,1963,"HUMAN_OBSERVATION","GEODETIC_DATUM_ASSUMED_WGS84;CONTINENT_DERIVED_FROM_COORDINATES"
171.2198,-43.7538,"Sophora microphylla",1312383654,"Tenehaum st west facing gully slopes","NZL",50,1996,"HUMAN_OBSERVATION","GEODETIC_DATUM_ASSUMED_WGS84;CONTINENT_DERIVED_FROM_COORDINATES"
171.3281,-42.1434,"Sophora microphylla",1312502796,"Nikau rsv","NZL",50,1985,"HUMAN_OBSERVATION","GEODETIC_DATUM_ASSUMED_WGS84;CONTINENT_DERIVED_FROM_COORDINATES"
168.8091,-43.9745,"Sophora microphylla",1312530076,"Waiatoto","NZL",50,1985,"HUMAN_OBSERVATION","GEODETIC_DATUM_ASSUMED_WGS84;CONTINENT_DERIVED_FROM_COORDINATES"
173.4247,-42.3315,"Sophora microphylla",1312992286,"K kahutara","NZL",5000,1966,"HUMAN_OBSERVATION","GEODETIC_DATUM_ASSUMED_WGS84;CONTINENT_DERIVED_FROM_COORDINATES"
172.6139,-42.7333,"Sophora microphylla",1312244686,"Ur dove rvr","NZL",50,1977,"HUMAN_OBSERVATION","GEODETIC_DATUM_ASSUMED_WGS84;CONTINENT_DERIVED_FROM_COORDINATES"
175.3473,-41.5406,"Sophora microphylla",1312857156,"Whawanui","NZL",50,1986,"HUMAN_OBSERVATION","GEODETIC_DATUM_ASSUMED_WGS84;CONTINENT_DERIVED_FROM_COORDINATES"
173.4019,-35.4306,"Sophora microphylla",1313108061,"","NZL",50,1956,"HUMAN_OBSERVATION","GEODETIC_DATUM_ASSUMED_WGS84;CONTINENT_DERIVED_FROM_COORDINATES"
168.8844,-43.9186,"Sophora microphylla",1311960154,"Hapuka","NZL",50,1984,"HUMAN_OBSERVATION","GEODETIC_DATUM_ASSUMED_WGS84;CONTINENT_DERIVED_FROM_COORDINATES"
175.2926,-41.5084,"Sophora microphylla",1312865726,"Pararaki","NZL",50,1980,"HUMAN_OBSERVATION","GEODETIC_DATUM_ASSUMED_WGS84;CONTINENT_DERIVED_FROM_COORDINATES"
171.1239,-43.1817,"Sophora microphylla",1312443625,"Hias eco ar","NZL",50,1986,"HUMAN_OBSERVATION","GEODETIC_DATUM_ASSUMED_WGS84;CONTINENT_DERIVED_FROM_COORDINATES"
168.3702,-44.0209,"Sophora microphylla",1312548698,"Cascade rv","NZL",50,1985,"HUMAN_OBSERVATION","GEODETIC_DATUM_ASSUMED_WGS84;CONTINENT_DERIVED_FROM_COORDINATES"
173.505,-35.6371,"Sophora microphylla",1312704800,"Waipoua","NZL",50,1984,"HUMAN_OBSERVATION","GEODETIC_DATUM_ASSUMED_WGS84;CONTINENT_DERIVED_FROM_COORDINATES"
171.7484,-43.3905,"Sophora microphylla",1312258646,"North bra","NZL",5,1976,"HUMAN_OBSERVATION","GEODETIC_DATUM_ASSUMED_WGS84;CONTINENT_DERIVED_FROM_COORDINATES"
169.2398,-46.4278,"Sophora microphylla",1313135290,"","NZL",500,1954,"HUMAN_OBSERVATION","GEODETIC_DATUM_ASSUMED_WGS84;CONTINENT_DERIVED_FROM_COORDINATES"
173.4938,-42.4217,"Sophora microphylla",1312076179,"Kahutara r","NZL",50,1983,"HUMAN_OBSERVATION","GEODETIC_DATUM_ASSUMED_WGS84;CONTINENT_DERIVED_FROM_COORDINATES"
168.5806,-46.0677,"Sophora microphylla",1312166103,"Lora gorge","NZL",50,1981,"HUMAN_OBSERVATION","GEODETIC_DATUM_ASSUMED_WGS84;CONTINENT_DERIVED_FROM_COORDINATES"
168.33106,-46.596677,"Sophora microphylla",3949692066,"","NZL",10,2022,"HUMAN_OBSERVATION","COORDINATE_ROUNDED;COUNTRY_DERIVED_FROM_COORDINATES;CONTINENT_DERIVED_FROM_COORDINATES"
169.496255,-45.909604,"Sophora microphylla",1837075676,"","NZL",84,2018,"HUMAN_OBSERVATION","COORDINATE_ROUNDED;CONTINENT_DERIVED_FROM_COORDINATES"
174.949763,-37.724797,"Sophora microphylla",3881814972,"","NZL",59,2022,"HUMAN_OBSERVATION","COORDINATE_ROUNDED;CONTINENT_DERIVED_FROM_COORDINATES"
169.699263,-46.50593,"Sophora microphylla",1584401227,"","NZL",NA,2017,"HUMAN_OBSERVATION","COORDINATE_ROUNDED;CONTINENT_DERIVED_FROM_COORDINATES"
174.751055,-36.689933,"Sophora microphylla",1947454787,"","NZL",1500,1977,"PRESERVED_SPECIMEN","COORDINATE_ROUNDED;CONTINENT_DERIVED_FROM_COORDINATES;INSTITUTION_MATCH_FUZZY;COLLECTION_MATCH_FUZZY"
-72.356641,-37.488766,"Sophora microphylla",3954265137,"","CHL",12,2020,"HUMAN_OBSERVATION","COORDINATE_ROUNDED;COUNTRY_DERIVED_FROM_COORDINATES;CONTINENT_DERIVED_FROM_COORDINATES"
-73.74836,-42.508899,"Sophora microphylla",3952002556,"","CHL",19,2022,"HUMAN_OBSERVATION","COORDINATE_ROUNDED;COUNTRY_DERIVED_FROM_COORDINATES;CONTINENT_DERIVED_FROM_COORDINATES"
175.654242,-40.954008,"Sophora microphylla",3998603649,"","NZL",8,2022,"HUMAN_OBSERVATION","COORDINATE_ROUNDED;COUNTRY_DERIVED_FROM_COORDINATES;CONTINENT_DERIVED_FROM_COORDINATES"
-72.484842,-39.082767,"Sophora microphylla",3998496734,"","CHL",88,2022,"HUMAN_OBSERVATION","COORDINATE_ROUNDED;COUNTRY_DERIVED_FROM_COORDINATES;CONTINENT_DERIVED_FROM_COORDINATES"
172.285,-42.625,"Sophora microphylla",2517403578,"N.Z., N. Canterbury, Upper Hope Valley. 'Broadleaf' Hut 4 km below Kiwi Riverin Hope Valley.","NZL",NA,1978,"PRESERVED_SPECIMEN","INSTITUTION_MATCH_FUZZY;INSTITUTION_COLLECTION_MISMATCH"
171.245828,-43.908452,"Sophora microphylla",1038325562,"","NZL",20,2014,"HUMAN_OBSERVATION","COORDINATE_ROUNDED;CONTINENT_DERIVED_FROM_COORDINATES"
-73.639922,-42.410425,"Sophora microphylla",3955775749,"","CHL",2,2020,"HUMAN_OBSERVATION","COORDINATE_ROUNDED;COUNTRY_DERIVED_FROM_COORDINATES;CONTINENT_DERIVED_FROM_COORDINATES"
-71.394791,-34.513821,"Sophora microphylla",3998557751,"","CHL",11,2022,"HUMAN_OBSERVATION","COORDINATE_ROUNDED;COUNTRY_DERIVED_FROM_COORDINATES;CONTINENT_DERIVED_FROM_COORDINATES"
175.625861,-40.355178,"Sophora microphylla",3951449071,"","NZL",20,2016,"HUMAN_OBSERVATION","COORDINATE_ROUNDED;COUNTRY_DERIVED_FROM_COORDINATES;CONTINENT_DERIVED_FROM_COORDINATES"
169.694673,-45.917793,"Sophora microphylla",3957774005,"","NZL",3100,2019,"HUMAN_OBSERVATION","COORDINATE_ROUNDED;COUNTRY_DERIVED_FROM_COORDINATES;CONTINENT_DERIVED_FROM_COORDINATES"
-72.077516,-36.88265,"Sophora microphylla",3954456663,"","CHL",10,2018,"HUMAN_OBSERVATION","COORDINATE_ROUNDED;COUNTRY_DERIVED_FROM_COORDINATES;CONTINENT_DERIVED_FROM_COORDINATES"
173.971079,-41.445268,"Sophora microphylla",3958026140,"","NZL",7,2020,"HUMAN_OBSERVATION","COORDINATE_ROUNDED;COUNTRY_DERIVED_FROM_COORDINATES;CONTINENT_DERIVED_FROM_COORDINATES"
-72.141897,-39.485161,"Sophora microphylla",3954191461,"","CHL",4,2022,"HUMAN_OBSERVATION","COORDINATE_ROUNDED;COUNTRY_DERIVED_FROM_COORDINATES;CONTINENT_DERIVED_FROM_COORDINATES"
172.681615,-41.723988,"Sophora microphylla",1091195020,"","NZL",NA,1972,"PRESERVED_SPECIMEN","CONTINENT_DERIVED_FROM_COORDINATES;INSTITUTION_MATCH_FUZZY;COLLECTION_MATCH_FUZZY"
175.43863,-40.110742,"Sophora microphylla",1091223032,"","NZL",NA,2014,"PRESERVED_SPECIMEN","CONTINENT_DERIVED_FROM_COORDINATES;INSTITUTION_MATCH_FUZZY;COLLECTION_MATCH_FUZZY"
167.377432,-45.983368,"Sophora microphylla",1091231221,"","NZL",NA,1970,"PRESERVED_SPECIMEN","CONTINENT_DERIVED_FROM_COORDINATES;INSTITUTION_MATCH_FUZZY;COLLECTION_MATCH_FUZZY"
173.199754,-41.79218,"Sophora microphylla",1091252285,"","NZL",NA,1983,"PRESERVED_SPECIMEN","CONTINENT_DERIVED_FROM_COORDINATES;INSTITUTION_MATCH_FUZZY;COLLECTION_MATCH_FUZZY"
-176.554056,-43.780811,"Sophora microphylla",1091274433,"","NZL",NA,2008,"PRESERVED_SPECIMEN","CONTINENT_DERIVED_FROM_COORDINATES;INSTITUTION_MATCH_FUZZY;COLLECTION_MATCH_FUZZY"
172.72754,-42.97532,"Sophora microphylla",1091280145,"","NZL",NA,1978,"PRESERVED_SPECIMEN","CONTINENT_DERIVED_FROM_COORDINATES;INSTITUTION_MATCH_FUZZY;COLLECTION_MATCH_FUZZY"
175.749691,-39.405654,"Sophora microphylla",1091286417,"","NZL",NA,1974,"PRESERVED_SPECIMEN","CONTINENT_DERIVED_FROM_COORDINATES;INSTITUTION_MATCH_FUZZY;COLLECTION_MATCH_FUZZY"
174.861548,-39.676479,"Sophora microphylla",1091307265,"","NZL",NA,1998,"PRESERVED_SPECIMEN","CONTINENT_DERIVED_FROM_COORDINATES;INSTITUTION_MATCH_FUZZY;COLLECTION_MATCH_FUZZY"
176.681847,-39.8471,"Sophora microphylla",1091125327,"","NZL",NA,1974,"PRESERVED_SPECIMEN","CONTINENT_DERIVED_FROM_COORDINATES;INSTITUTION_MATCH_FUZZY;COLLECTION_MATCH_FUZZY"
174.733939,-39.792928,"Sophora microphylla",1091131271,"","NZL",NA,1967,"PRESERVED_SPECIMEN","CONTINENT_DERIVED_FROM_COORDINATES;INSTITUTION_MATCH_FUZZY;COLLECTION_MATCH_FUZZY"
175.945796,-40.048394,"Sophora microphylla",1091149989,"","NZL",NA,1998,"PRESERVED_SPECIMEN","CONTINENT_DERIVED_FROM_COORDINATES;INSTITUTION_MATCH_FUZZY;COLLECTION_MATCH_FUZZY"
175.73255,-41.097903,"Sophora microphylla",1091181577,"","NZL",NA,1966,"PRESERVED_SPECIMEN","CONTINENT_DERIVED_FROM_COORDINATES;INSTITUTION_MATCH_FUZZY;COLLECTION_MATCH_FUZZY"
175.263518,-40.612558,"Sophora microphylla",1091189659,"","NZL",NA,1966,"PRESERVED_SPECIMEN","CONTINENT_DERIVED_FROM_COORDINATES;INSTITUTION_MATCH_FUZZY;COLLECTION_MATCH_FUZZY"
177.782049,-38.588219,"Sophora microphylla",1091201100,"","NZL",NA,1972,"PRESERVED_SPECIMEN","CONTINENT_DERIVED_FROM_COORDINATES;INSTITUTION_MATCH_FUZZY;COLLECTION_MATCH_FUZZY"
174.566422,-37.000133,"Sophora microphylla",1091214053,"","NZL",NA,1997,"PRESERVED_SPECIMEN","CONTINENT_DERIVED_FROM_COORDINATES;INSTITUTION_MATCH_FUZZY;COLLECTION_MATCH_FUZZY"
173.105347,-43.740885,"Sophora microphylla",1091221966,"","NZL",NA,1979,"PRESERVED_SPECIMEN","CONTINENT_DERIVED_FROM_COORDINATES;INSTITUTION_MATCH_FUZZY;COLLECTION_MATCH_FUZZY"
172.454258,-40.852485,"Sophora microphylla",1091243642,"","NZL",NA,1951,"PRESERVED_SPECIMEN","CONTINENT_DERIVED_FROM_COORDINATES;INSTITUTION_MATCH_FUZZY;COLLECTION_MATCH_FUZZY"
170.239801,-43.140467,"Sophora microphylla",1091249827,"","NZL",NA,1971,"PRESERVED_SPECIMEN","CONTINENT_DERIVED_FROM_COORDINATES;INSTITUTION_MATCH_FUZZY;COLLECTION_MATCH_FUZZY"
175.397471,-39.629507,"Sophora microphylla",1091250336,"","NZL",NA,1998,"PRESERVED_SPECIMEN","CONTINENT_DERIVED_FROM_COORDINATES;INSTITUTION_MATCH_FUZZY;COLLECTION_MATCH_FUZZY"
169.815531,-44.226204,"Sophora microphylla",1091251319,"","NZL",NA,1973,"PRESERVED_SPECIMEN","CONTINENT_DERIVED_FROM_COORDINATES;INSTITUTION_MATCH_FUZZY;COLLECTION_MATCH_FUZZY"
173.895671,-40.856517,"Sophora microphylla",1091323670,"","NZL",NA,1964,"PRESERVED_SPECIMEN","CONTINENT_DERIVED_FROM_COORDINATES;INSTITUTION_MATCH_FUZZY;COLLECTION_MATCH_FUZZY"
170.67317,-45.565296,"Sophora microphylla",1091112691,"","NZL",NA,1976,"PRESERVED_SPECIMEN","CONTINENT_DERIVED_FROM_COORDINATES;INSTITUTION_MATCH_FUZZY;COLLECTION_MATCH_FUZZY"
175.498353,-36.970039,"Sophora microphylla",1091132781,"","NZL",NA,1998,"PRESERVED_SPECIMEN","CONTINENT_DERIVED_FROM_COORDINATES;INSTITUTION_MATCH_FUZZY;COLLECTION_MATCH_FUZZY"
171.011776,-44.322342,"Sophora microphylla",1091143937,"","NZL",NA,1973,"PRESERVED_SPECIMEN","CONTINENT_DERIVED_FROM_COORDINATES;INSTITUTION_MATCH_FUZZY;COLLECTION_MATCH_FUZZY"
174.670577,-36.514527,"Sophora microphylla",1091222195,"","NZL",NA,1998,"PRESERVED_SPECIMEN","CONTINENT_DERIVED_FROM_COORDINATES;INSTITUTION_MATCH_FUZZY;COLLECTION_MATCH_FUZZY"
172.502057,-42.895205,"Sophora microphylla",1091246755,"","NZL",NA,1976,"PRESERVED_SPECIMEN","CONTINENT_DERIVED_FROM_COORDINATES;INSTITUTION_MATCH_FUZZY;COLLECTION_MATCH_FUZZY"
175.451993,-41.239292,"Sophora microphylla",1091247328,"","NZL",NA,1965,"PRESERVED_SPECIMEN","CONTINENT_DERIVED_FROM_COORDINATES;INSTITUTION_MATCH_FUZZY;COLLECTION_MATCH_FUZZY"
172.263644,-40.764817,"Sophora microphylla",1091276450,"","NZL",NA,1979,"PRESERVED_SPECIMEN","CONTINENT_DERIVED_FROM_COORDINATES;INSTITUTION_MATCH_FUZZY;COLLECTION_MATCH_FUZZY"
172.209605,-43.891266,"Sophora microphylla",1091285456,"","NZL",NA,1970,"PRESERVED_SPECIMEN","CONTINENT_DERIVED_FROM_COORDINATES;INSTITUTION_MATCH_FUZZY;COLLECTION_MATCH_FUZZY"
175.603534,-41.061079,"Sophora microphylla",1091300119,"","NZL",NA,1970,"PRESERVED_SPECIMEN","CONTINENT_DERIVED_FROM_COORDINATES;INSTITUTION_MATCH_FUZZY;COLLECTION_MATCH_FUZZY"
175.412381,-37.437151,"Sophora microphylla",1091303655,"","NZL",NA,1992,"PRESERVED_SPECIMEN","CONTINENT_DERIVED_FROM_COORDINATES;TAXON_MATCH_HIGHERRANK;INSTITUTION_MATCH_FUZZY;COLLECTION_MATCH_FUZZY"
167.528626,-45.756062,"Sophora microphylla",1091097066,"","NZL",NA,1978,"PRESERVED_SPECIMEN","CONTINENT_DERIVED_FROM_COORDINATES;INSTITUTION_MATCH_FUZZY;COLLECTION_MATCH_FUZZY"
172.774617,-42.570535,"Sophora microphylla",1091099224,"","NZL",NA,1960,"PRESERVED_SPECIMEN","CONTINENT_DERIVED_FROM_COORDINATES;INSTITUTION_MATCH_FUZZY;COLLECTION_MATCH_FUZZY"
175.425805,-36.229761,"Sophora microphylla",1091103473,"","NZL",NA,2010,"PRESERVED_SPECIMEN","CONTINENT_DERIVED_FROM_COORDINATES;INSTITUTION_MATCH_FUZZY;COLLECTION_MATCH_FUZZY"
169.133447,-46.594511,"Sophora microphylla",1091104837,"","NZL",NA,1966,"PRESERVED_SPECIMEN","CONTINENT_DERIVED_FROM_COORDINATES;INSTITUTION_MATCH_FUZZY;COLLECTION_MATCH_FUZZY"
172.108552,-41.21283,"Sophora microphylla",1091110540,"","NZL",NA,1985,"PRESERVED_SPECIMEN","CONTINENT_DERIVED_FROM_COORDINATES;INSTITUTION_MATCH_FUZZY;COLLECTION_MATCH_FUZZY"
172.663099,-40.670438,"Sophora microphylla",1091119127,"","NZL",NA,1960,"PRESERVED_SPECIMEN","CONTINENT_DERIVED_FROM_COORDINATES;INSTITUTION_MATCH_FUZZY;COLLECTION_MATCH_FUZZY"
167.40493,-45.553189,"Sophora microphylla",3751275336,"","NZL",NA,1968,"PRESERVED_SPECIMEN","CONTINENT_DERIVED_FROM_COORDINATES;INSTITUTION_MATCH_FUZZY;COLLECTION_MATCH_FUZZY"
175.85355,-41.049117,"Sophora microphylla",1091211460,"","NZL",NA,2014,"PRESERVED_SPECIMEN","CONTINENT_DERIVED_FROM_COORDINATES;INSTITUTION_MATCH_FUZZY;COLLECTION_MATCH_FUZZY"
170.778485,-45.232018,"Sophora microphylla",1091227026,"","NZL",NA,1967,"PRESERVED_SPECIMEN","CONTINENT_DERIVED_FROM_COORDINATES;INSTITUTION_MATCH_FUZZY;COLLECTION_MATCH_FUZZY"
173.333575,-41.85598,"Sophora microphylla",1091237334,"","NZL",NA,1980,"PRESERVED_SPECIMEN","CONTINENT_DERIVED_FROM_COORDINATES;INSTITUTION_MATCH_FUZZY;COLLECTION_MATCH_FUZZY"
176.501743,-39.286311,"Sophora microphylla",1091240616,"","NZL",NA,1972,"PRESERVED_SPECIMEN","CONTINENT_DERIVED_FROM_COORDINATES;INSTITUTION_MATCH_FUZZY;COLLECTION_MATCH_FUZZY"
171.111244,-43.986579,"Sophora microphylla",1091283570,"","NZL",NA,1964,"PRESERVED_SPECIMEN","CONTINENT_DERIVED_FROM_COORDINATES;INSTITUTION_MATCH_FUZZY;COLLECTION_MATCH_FUZZY"
171.491076,-43.381905,"Sophora microphylla",1091283909,"","NZL",NA,1977,"PRESERVED_SPECIMEN","CONTINENT_DERIVED_FROM_COORDINATES;INSTITUTION_MATCH_FUZZY;COLLECTION_MATCH_FUZZY"
173.030543,-43.029883,"Sophora microphylla",1091286361,"","NZL",NA,1961,"PRESERVED_SPECIMEN","CONTINENT_DERIVED_FROM_COORDINATES;INSTITUTION_MATCH_FUZZY;COLLECTION_MATCH_FUZZY"
175.858143,-39.581063,"Sophora microphylla",1091121385,"","NZL",NA,1967,"PRESERVED_SPECIMEN","CONTINENT_DERIVED_FROM_COORDINATES;INSTITUTION_MATCH_FUZZY;COLLECTION_MATCH_FUZZY"
173.079148,-42.606768,"Sophora microphylla",1091163732,"","NZL",NA,1956,"PRESERVED_SPECIMEN","CONTINENT_DERIVED_FROM_COORDINATES;INSTITUTION_MATCH_FUZZY;COLLECTION_MATCH_FUZZY"
176.048493,-39.602288,"Sophora microphylla",1091183486,"","NZL",NA,1976,"PRESERVED_SPECIMEN","CONTINENT_DERIVED_FROM_COORDINATES;INSTITUTION_MATCH_FUZZY;COLLECTION_MATCH_FUZZY"
173.054818,-42.669797,"Sophora microphylla",1091194993,"","NZL",NA,1977,"PRESERVED_SPECIMEN","CONTINENT_DERIVED_FROM_COORDINATES;INSTITUTION_MATCH_FUZZY;COLLECTION_MATCH_FUZZY"
173.090237,-41.715427,"Sophora microphylla",1091207242,"","NZL",NA,1965,"PRESERVED_SPECIMEN","CONTINENT_DERIVED_FROM_COORDINATES;INSTITUTION_MATCH_FUZZY;COLLECTION_MATCH_FUZZY"
175.221523,-41.411465,"Sophora microphylla",1091242075,"","NZL",NA,1998,"PRESERVED_SPECIMEN","CONTINENT_DERIVED_FROM_COORDINATES;INSTITUTION_MATCH_FUZZY;COLLECTION_MATCH_FUZZY"
176.701386,-39.185592,"Sophora microphylla",1091250631,"","NZL",NA,1969,"PRESERVED_SPECIMEN","CONTINENT_DERIVED_FROM_COORDINATES;INSTITUTION_MATCH_FUZZY;COLLECTION_MATCH_FUZZY"
168.804833,-44.480835,"Sophora microphylla",1091302290,"","NZL",NA,1977,"PRESERVED_SPECIMEN","CONTINENT_DERIVED_FROM_COORDINATES;INSTITUTION_MATCH_FUZZY;COLLECTION_MATCH_FUZZY"
175.996996,-40.278671,"Sophora microphylla",1091320303,"","NZL",NA,1998,"PRESERVED_SPECIMEN","CONTINENT_DERIVED_FROM_COORDINATES;INSTITUTION_MATCH_FUZZY;COLLECTION_MATCH_FUZZY"
173.462893,-41.73257,"Sophora microphylla",1091125791,"","NZL",NA,1965,"PRESERVED_SPECIMEN","CONTINENT_DERIVED_FROM_COORDINATES;INSTITUTION_MATCH_FUZZY;COLLECTION_MATCH_FUZZY"
169.482336,-45.751216,"Sophora microphylla",1091143870,"","NZL",NA,1972,"PRESERVED_SPECIMEN","CONTINENT_DERIVED_FROM_COORDINATES;INSTITUTION_MATCH_FUZZY;COLLECTION_MATCH_FUZZY"
172.19007,-42.073012,"Sophora microphylla",1091149477,"","NZL",NA,1959,"PRESERVED_SPECIMEN","CONTINENT_DERIVED_FROM_COORDINATES;INSTITUTION_MATCH_FUZZY;COLLECTION_MATCH_FUZZY"
174.432645,-36.139514,"Sophora microphylla",1091153885,"","NZL",NA,2010,"PRESERVED_SPECIMEN","CONTINENT_DERIVED_FROM_COORDINATES;INSTITUTION_MATCH_FUZZY;COLLECTION_MATCH_FUZZY"
170.148207,-44.191126,"Sophora microphylla",1091170975,"","NZL",NA,1969,"PRESERVED_SPECIMEN","CONTINENT_DERIVED_FROM_COORDINATES;INSTITUTION_MATCH_FUZZY;COLLECTION_MATCH_FUZZY"
176.786933,-39.810572,"Sophora microphylla",1091192842,"","NZL",NA,1973,"PRESERVED_SPECIMEN","CONTINENT_DERIVED_FROM_COORDINATES;INSTITUTION_MATCH_FUZZY;COLLECTION_MATCH_FUZZY"
175.571634,-39.612199,"Sophora microphylla",1091213695,"","NZL",NA,1998,"PRESERVED_SPECIMEN","CONTINENT_DERIVED_FROM_COORDINATES;INSTITUTION_MATCH_FUZZY;COLLECTION_MATCH_FUZZY"
171.774631,-43.315631,"Sophora microphylla",1091228288,"","NZL",NA,2009,"PRESERVED_SPECIMEN","CONTINENT_DERIVED_FROM_COORDINATES;INSTITUTION_MATCH_FUZZY;COLLECTION_MATCH_FUZZY"
171.253631,-44.397888,"Sophora microphylla",1091256809,"","NZL",NA,1994,"PRESERVED_SPECIMEN","CONTINENT_DERIVED_FROM_COORDINATES;INSTITUTION_MATCH_FUZZY;COLLECTION_MATCH_FUZZY"
172.126969,-40.973754,"Sophora microphylla",1091297301,"","NZL",NA,1962,"PRESERVED_SPECIMEN","CONTINENT_DERIVED_FROM_COORDINATES;INSTITUTION_MATCH_FUZZY;COLLECTION_MATCH_FUZZY"
173.57131,-41.759106,"Sophora microphylla",1091125297,"","NZL",NA,1977,"PRESERVED_SPECIMEN","CONTINENT_DERIVED_FROM_COORDINATES;INSTITUTION_MATCH_FUZZY;COLLECTION_MATCH_FUZZY"
174.305236,-35.302115,"Sophora microphylla",1091157446,"","NZL",NA,1970,"PRESERVED_SPECIMEN","CONTINENT_DERIVED_FROM_COORDINATES;INSTITUTION_MATCH_FUZZY;COLLECTION_MATCH_FUZZY"
175.616398,-39.046076,"Sophora microphylla",1091170421,"","NZL",NA,1967,"PRESERVED_SPECIMEN","CONTINENT_DERIVED_FROM_COORDINATES;INSTITUTION_MATCH_FUZZY;COLLECTION_MATCH_FUZZY"
169.580521,-45.213194,"Sophora microphylla",1091183007,"","NZL",NA,1996,"PRESERVED_SPECIMEN","CONTINENT_DERIVED_FROM_COORDINATES;INSTITUTION_MATCH_FUZZY;COLLECTION_MATCH_FUZZY"
173.434203,-41.17103,"Sophora microphylla",1091191173,"","NZL",NA,1972,"PRESERVED_SPECIMEN","CONTINENT_DERIVED_FROM_COORDINATES;INSTITUTION_MATCH_FUZZY;COLLECTION_MATCH_FUZZY"
171.749036,-42.146116,"Sophora microphylla",1091193993,"","NZL",NA,1972,"PRESERVED_SPECIMEN","CONTINENT_DERIVED_FROM_COORDINATES;INSTITUTION_MATCH_FUZZY;COLLECTION_MATCH_FUZZY"
170.088994,-43.722109,"Sophora microphylla",1091197995,"","NZL",NA,1966,"PRESERVED_SPECIMEN","CONTINENT_DERIVED_FROM_COORDINATES;INSTITUTION_MATCH_FUZZY;COLLECTION_MATCH_FUZZY"
173.93,-39.119,"Sophora microphylla",2005647957,"","NZL",NA,1972,"PRESERVED_SPECIMEN","CONTINENT_DERIVED_FROM_COORDINATES;INSTITUTION_MATCH_FUZZY;COLLECTION_MATCH_FUZZY"
172.599689,-41.437248,"Sophora microphylla",1091277484,"","NZL",NA,1972,"PRESERVED_SPECIMEN","CONTINENT_DERIVED_FROM_COORDINATES;INSTITUTION_MATCH_FUZZY;COLLECTION_MATCH_FUZZY"
174.39222,-36.79027,"Sophora microphylla",415990716,"Wenderholm","NZL",NA,1980,"PRESERVED_SPECIMEN","GEODETIC_DATUM_ASSUMED_WGS84;CONTINENT_DERIVED_FROM_COORDINATES;INSTITUTION_MATCH_NONE"
172.16273,-42.705099,"Sophora microphylla",3455593783,"","NZL",9,2021,"HUMAN_OBSERVATION","COORDINATE_ROUNDED;CONTINENT_DERIVED_FROM_COORDINATES"
176.363433,-38.213825,"Sophora microphylla",2445128813,"","NZL",8,2019,"HUMAN_OBSERVATION","COORDINATE_ROUNDED;CONTINENT_DERIVED_FROM_COORDINATES"
174.796556,-39.554981,"Sophora microphylla",3712685154,"","NZL",4,2022,"HUMAN_OBSERVATION","COORDINATE_ROUNDED;CONTINENT_DERIVED_FROM_COORDINATES"
174.636573,-38.477752,"Sophora microphylla",2609185544,"","NZL",687,2014,"HUMAN_OBSERVATION","COORDINATE_ROUNDED;CONTINENT_DERIVED_FROM_COORDINATES"
170.886149,-44.871895,"Sophora microphylla",3889094347,"","NZL",3,2022,"HUMAN_OBSERVATION","COORDINATE_ROUNDED;CONTINENT_DERIVED_FROM_COORDINATES"
169.327408,-44.670813,"Sophora microphylla",3915530837,"","NZL",11,2022,"HUMAN_OBSERVATION","COORDINATE_ROUNDED;CONTINENT_DERIVED_FROM_COORDINATES"
175.190676,-40.768568,"Sophora microphylla",3952083797,"","NZL",NA,2021,"HUMAN_OBSERVATION","COORDINATE_ROUNDED;COUNTRY_DERIVED_FROM_COORDINATES;CONTINENT_DERIVED_FROM_COORDINATES"
176.593563,-39.944355,"Sophora microphylla",3958695579,"","NZL",6,2021,"HUMAN_OBSERVATION","COORDINATE_ROUNDED;COUNTRY_DERIVED_FROM_COORDINATES;CONTINENT_DERIVED_FROM_COORDINATES"
169.501,-43.6274,"Sophora microphylla",1312006092,"Ohinemaka","NZL",50,1984,"HUMAN_OBSERVATION","GEODETIC_DATUM_ASSUMED_WGS84;CONTINENT_DERIVED_FROM_COORDINATES"
169.7311,-43.5069,"Sophora microphylla",1312009620,"Karangarua","NZL",50,1984,"HUMAN_OBSERVATION","GEODETIC_DATUM_ASSUMED_WGS84;CONTINENT_DERIVED_FROM_COORDINATES"
176.4342,-39.3482,"Sophora microphylla",1312824812,"Tutaekuri","NZL",50,1960,"HUMAN_OBSERVATION","GEODETIC_DATUM_ASSUMED_WGS84;CONTINENT_DERIVED_FROM_COORDINATES"
173.4494,-35.6016,"Sophora microphylla",1312696634,"Wairau","NZL",50,1984,"HUMAN_OBSERVATION","GEODETIC_DATUM_ASSUMED_WGS84;CONTINENT_DERIVED_FROM_COORDINATES"
175.1592,-41.2162,"Sophora microphylla",1312857958,"Ruamahunga, Burlings Stream","NZL",500,1986,"HUMAN_OBSERVATION","GEODETIC_DATUM_ASSUMED_WGS84;CONTINENT_DERIVED_FROM_COORDINATES"
170.7613,-44.1492,"Sophora microphylla",1312358301,"Chetwynd albury range","NZL",5,2003,"HUMAN_OBSERVATION","GEODETIC_DATUM_ASSUMED_WGS84;CONTINENT_DERIVED_FROM_COORDINATES"
169.7946,-43.4585,"Sophora microphylla",1312044073,"Karangarua","NZL",50,1983,"HUMAN_OBSERVATION","GEODETIC_DATUM_ASSUMED_WGS84;CONTINENT_DERIVED_FROM_COORDINATES"
175.5708,-36.6899,"Sophora microphylla",1313042763,"","NZL",500,1966,"HUMAN_OBSERVATION","GEODETIC_DATUM_ASSUMED_WGS84;CONTINENT_DERIVED_FROM_COORDINATES"
176.3133,-39.5882,"Sophora microphylla",1312069947,"Hine ngarur","NZL",50,1983,"HUMAN_OBSERVATION","GEODETIC_DATUM_ASSUMED_WGS84;CONTINENT_DERIVED_FROM_COORDINATES"
175.1286,-39.7072,"Sophora microphylla",1312413102,"Whanganui","NZL",50,1987,"HUMAN_OBSERVATION","GEODETIC_DATUM_ASSUMED_WGS84;CONTINENT_DERIVED_FROM_COORDINATES"
171.3404,-42.1039,"Sophora microphylla",1312505904,"Porarari r","NZL",50,1985,"HUMAN_OBSERVATION","GEODETIC_DATUM_ASSUMED_WGS84;CONTINENT_DERIVED_FROM_COORDINATES"
173.705,-41.4583,"Sophora microphylla",3915824953,"Marlborough;Wairau River;Onamalutu Stream","NZL",7,2021,"HUMAN_OBSERVATION","GEODETIC_DATUM_ASSUMED_WGS84;CONTINENT_DERIVED_FROM_COORDINATES"
175.537,-40.2474,"Sophora microphylla",1313440585,"Feilding","NZL",5,1998,"HUMAN_OBSERVATION","GEODETIC_DATUM_ASSUMED_WGS84;CONTINENT_DERIVED_FROM_COORDINATES"
171.4961,-43.5922,"Sophora microphylla",1312211444,"Ord ashburto","NZL",50,1978,"HUMAN_OBSERVATION","GEODETIC_DATUM_ASSUMED_WGS84;CONTINENT_DERIVED_FROM_COORDINATES"
-72.827042,-39.989021,"Sophora microphylla",3958626536,"","CHL",94,2020,"HUMAN_OBSERVATION","COORDINATE_ROUNDED;COUNTRY_DERIVED_FROM_COORDINATES;CONTINENT_DERIVED_FROM_COORDINATES"
-73.071768,-38.03329,"Sophora microphylla",3957577720,"","CHL",50,2019,"HUMAN_OBSERVATION","COORDINATE_ROUNDED;COUNTRY_DERIVED_FROM_COORDINATES;CONTINENT_DERIVED_FROM_COORDINATES"
171.000104,-44.766141,"Sophora microphylla",3355138793,"","NZL",NA,2021,"HUMAN_OBSERVATION","CONTINENT_DERIVED_FROM_COORDINATES"
172.681389,-41.899977,"Sophora microphylla",1265538239,"","NZL",386,2016,"HUMAN_OBSERVATION","CONTINENT_DERIVED_FROM_COORDINATES"
170.721465,-45.820805,"Sophora microphylla",2856704749,"","NZL",NA,2020,"HUMAN_OBSERVATION","CONTINENT_DERIVED_FROM_COORDINATES"
172.527547,-43.148437,"Sophora microphylla",1913202727,"","NZL",NA,2018,"HUMAN_OBSERVATION","COORDINATE_ROUNDED;CONTINENT_DERIVED_FROM_COORDINATES"
169.136032,-44.594729,"Sophora microphylla",1038331615,"","NZL",381,2010,"HUMAN_OBSERVATION","COORDINATE_ROUNDED;CONTINENT_DERIVED_FROM_COORDINATES"
171.218111,-44.024484,"Sophora microphylla",4029080458,"","NZL",4,2022,"HUMAN_OBSERVATION","COORDINATE_ROUNDED;CONTINENT_DERIVED_FROM_COORDINATES"
174.874921,-36.85772,"Sophora microphylla",2898526533,"","NZL",NA,2020,"HUMAN_OBSERVATION","COORDINATE_ROUNDED;CONTINENT_DERIVED_FROM_COORDINATES"
177.08313,-38.749798,"Sophora microphylla",2330153699,"Lake Waikaremoana, Te Urewera NP","NZL",250,1992,"HUMAN_OBSERVATION","COORDINATE_ROUNDED;GEODETIC_DATUM_ASSUMED_WGS84;CONTINENT_DERIVED_FROM_COORDINATES"
174.037194,-41.273134,"Sophora microphylla",3959181232,"","NZL",65,2021,"HUMAN_OBSERVATION","COORDINATE_ROUNDED;COUNTRY_DERIVED_FROM_COORDINATES;CONTINENT_DERIVED_FROM_COORDINATES"
176.045928,-37.70398,"Sophora microphylla",3951563555,"","NZL",NA,2017,"HUMAN_OBSERVATION","COORDINATE_ROUNDED;COUNTRY_DERIVED_FROM_COORDINATES;CONTINENT_DERIVED_FROM_COORDINATES"
173.166774,-41.355706,"Sophora microphylla",3957239187,"","NZL",65,2019,"HUMAN_OBSERVATION","COORDINATE_ROUNDED;COUNTRY_DERIVED_FROM_COORDINATES;CONTINENT_DERIVED_FROM_COORDINATES"
172.555254,-42.587878,"Sophora microphylla",1091095801,"","NZL",NA,1957,"PRESERVED_SPECIMEN","CONTINENT_DERIVED_FROM_COORDINATES;INSTITUTION_MATCH_FUZZY;COLLECTION_MATCH_FUZZY"
171.121868,-44.445878,"Sophora microphylla",1091096409,"","NZL",NA,1960,"PRESERVED_SPECIMEN","CONTINENT_DERIVED_FROM_COORDINATES;INSTITUTION_MATCH_FUZZY;COLLECTION_MATCH_FUZZY"
170.262754,-43.177043,"Sophora microphylla",1091116097,"","NZL",NA,1964,"PRESERVED_SPECIMEN","CONTINENT_DERIVED_FROM_COORDINATES;INSTITUTION_MATCH_FUZZY;COLLECTION_MATCH_FUZZY"
176.120936,-40.185269,"Sophora microphylla",1091124343,"","NZL",NA,1998,"PRESERVED_SPECIMEN","CONTINENT_DERIVED_FROM_COORDINATES;INSTITUTION_MATCH_FUZZY;COLLECTION_MATCH_FUZZY"
171.055441,-44.156291,"Sophora microphylla",1091140665,"","NZL",NA,1974,"PRESERVED_SPECIMEN","CONTINENT_DERIVED_FROM_COORDINATES;INSTITUTION_MATCH_FUZZY;COLLECTION_MATCH_FUZZY"
172.351926,-42.558936,"Sophora microphylla",1091196011,"","NZL",NA,1971,"PRESERVED_SPECIMEN","CONTINENT_DERIVED_FROM_COORDINATES;INSTITUTION_MATCH_FUZZY;COLLECTION_MATCH_FUZZY"
166.669156,-45.604233,"Sophora microphylla",1091198978,"","NZL",NA,1974,"PRESERVED_SPECIMEN","CONTINENT_DERIVED_FROM_COORDINATES;INSTITUTION_MATCH_FUZZY;COLLECTION_MATCH_FUZZY"
175.603069,-40.756423,"Sophora microphylla",1091269592,"","NZL",NA,1970,"PRESERVED_SPECIMEN","CONTINENT_DERIVED_FROM_COORDINATES;INSTITUTION_MATCH_FUZZY;COLLECTION_MATCH_FUZZY"
168.756476,-45.26136,"Sophora microphylla",1091308767,"","NZL",NA,1980,"PRESERVED_SPECIMEN","CONTINENT_DERIVED_FROM_COORDINATES;INSTITUTION_MATCH_FUZZY;COLLECTION_MATCH_FUZZY"
170.709387,-45.06861,"Sophora microphylla",1091323472,"","NZL",NA,1974,"PRESERVED_SPECIMEN","CONTINENT_DERIVED_FROM_COORDINATES;INSTITUTION_MATCH_FUZZY;COLLECTION_MATCH_FUZZY"
173.819,-41.791,"Sophora microphylla",1091100082,"","NZL",NA,1972,"PRESERVED_SPECIMEN","CONTINENT_DERIVED_FROM_COORDINATES;INSTITUTION_MATCH_FUZZY;COLLECTION_MATCH_FUZZY"
172.597024,-41.795744,"Sophora microphylla",1994204510,"","NZL",NA,1971,"PRESERVED_SPECIMEN","CONTINENT_DERIVED_FROM_COORDINATES;INSTITUTION_MATCH_FUZZY;COLLECTION_MATCH_FUZZY"
175.49685,-40.211304,"Sophora microphylla",1091212261,"","NZL",NA,1977,"PRESERVED_SPECIMEN","CONTINENT_DERIVED_FROM_COORDINATES;INSTITUTION_MATCH_FUZZY;COLLECTION_MATCH_FUZZY"
173.730725,-41.877765,"Sophora microphylla",1091242188,"","NZL",NA,1980,"PRESERVED_SPECIMEN","CONTINENT_DERIVED_FROM_COORDINATES;INSTITUTION_MATCH_FUZZY;COLLECTION_MATCH_FUZZY"
173.581,-41.875,"Sophora microphylla",1091107479,"","NZL",NA,1980,"PRESERVED_SPECIMEN","CONTINENT_DERIVED_FROM_COORDINATES;INSTITUTION_MATCH_FUZZY;COLLECTION_MATCH_FUZZY"
172.956328,-43.839924,"Sophora microphylla",1091108299,"","NZL",NA,1954,"PRESERVED_SPECIMEN","CONTINENT_DERIVED_FROM_COORDINATES;INSTITUTION_MATCH_FUZZY;COLLECTION_MATCH_FUZZY"
174.353528,-36.397618,"Sophora microphylla",1091146818,"","NZL",NA,1969,"PRESERVED_SPECIMEN","CONTINENT_DERIVED_FROM_COORDINATES;INSTITUTION_MATCH_FUZZY;COLLECTION_MATCH_FUZZY"
174.008277,-41.933775,"Sophora microphylla",1091176686,"","NZL",NA,1971,"PRESERVED_SPECIMEN","CONTINENT_DERIVED_FROM_COORDINATES;INSTITUTION_MATCH_FUZZY;COLLECTION_MATCH_FUZZY"
176.413364,-39.172557,"Sophora microphylla",1091195783,"","NZL",NA,1974,"PRESERVED_SPECIMEN","CONTINENT_DERIVED_FROM_COORDINATES;INSTITUTION_MATCH_FUZZY;COLLECTION_MATCH_FUZZY"
172.477903,-41.651193,"Sophora microphylla",1091199804,"","NZL",NA,1969,"PRESERVED_SPECIMEN","CONTINENT_DERIVED_FROM_COORDINATES;INSTITUTION_MATCH_FUZZY;COLLECTION_MATCH_FUZZY"
170.848687,-43.622017,"Sophora microphylla",1091245862,"","NZL",NA,1978,"PRESERVED_SPECIMEN","CONTINENT_DERIVED_FROM_COORDINATES;INSTITUTION_MATCH_FUZZY;COLLECTION_MATCH_FUZZY"
175.706281,-39.864135,"Sophora microphylla",1091293874,"","NZL",NA,1967,"PRESERVED_SPECIMEN","CONTINENT_DERIVED_FROM_COORDINATES;INSTITUTION_MATCH_FUZZY;COLLECTION_MATCH_FUZZY"
167.498281,-45.267634,"Sophora microphylla",1994205372,"","NZL",NA,1974,"PRESERVED_SPECIMEN","CONTINENT_DERIVED_FROM_COORDINATES;INSTITUTION_MATCH_FUZZY;COLLECTION_MATCH_FUZZY"
171.267691,-43.664788,"Sophora microphylla",1091327065,"","NZL",NA,1973,"PRESERVED_SPECIMEN","CONTINENT_DERIVED_FROM_COORDINATES;INSTITUTION_MATCH_FUZZY;COLLECTION_MATCH_FUZZY"
171.253913,-44.257288,"Sophora microphylla",1292078048,"","NZL",NA,1977,"PRESERVED_SPECIMEN","CONTINENT_DERIVED_FROM_COORDINATES;INSTITUTION_MATCH_FUZZY;COLLECTION_MATCH_FUZZY"
174.480226,-39.40912,"Sophora microphylla",1091147155,"","NZL",NA,1967,"PRESERVED_SPECIMEN","CONTINENT_DERIVED_FROM_COORDINATES;INSTITUTION_MATCH_FUZZY;COLLECTION_MATCH_FUZZY"
176.010287,-40.919857,"Sophora microphylla",1091167976,"","NZL",NA,1962,"PRESERVED_SPECIMEN","CONTINENT_DERIVED_FROM_COORDINATES;INSTITUTION_MATCH_FUZZY;COLLECTION_MATCH_FUZZY"
166.910117,-45.635165,"Sophora microphylla",1091200206,"","NZL",NA,1972,"PRESERVED_SPECIMEN","CONTINENT_DERIVED_FROM_COORDINATES;INSTITUTION_MATCH_FUZZY;COLLECTION_MATCH_FUZZY"
176.008676,-38.861312,"Sophora microphylla",1316556262,"","NZL",NA,2015,"PRESERVED_SPECIMEN","CONTINENT_DERIVED_FROM_COORDINATES;INSTITUTION_MATCH_FUZZY;COLLECTION_MATCH_FUZZY"
171.577098,-41.747086,"Sophora microphylla",1091285568,"","NZL",NA,1976,"PRESERVED_SPECIMEN","CONTINENT_DERIVED_FROM_COORDINATES;INSTITUTION_MATCH_FUZZY;COLLECTION_MATCH_FUZZY"
175.777178,-40.963635,"Sophora microphylla",1091145832,"","NZL",NA,1964,"PRESERVED_SPECIMEN","CONTINENT_DERIVED_FROM_COORDINATES;INSTITUTION_MATCH_FUZZY;COLLECTION_MATCH_FUZZY"
170.760779,-44.691573,"Sophora microphylla",1091179759,"","NZL",NA,1972,"PRESERVED_SPECIMEN","CONTINENT_DERIVED_FROM_COORDINATES;INSTITUTION_MATCH_FUZZY;COLLECTION_MATCH_FUZZY"
175.407291,-41.365727,"Sophora microphylla",1091202173,"","NZL",NA,1970,"PRESERVED_SPECIMEN","CONTINENT_DERIVED_FROM_COORDINATES;INSTITUTION_MATCH_FUZZY;COLLECTION_MATCH_FUZZY"
169.370948,-45.530243,"Sophora microphylla",1091242716,"","NZL",NA,1962,"PRESERVED_SPECIMEN","CONTINENT_DERIVED_FROM_COORDINATES;INSTITUTION_MATCH_FUZZY;COLLECTION_MATCH_FUZZY"
168.353447,-44.952593,"Sophora microphylla",1091243596,"","NZL",NA,1971,"PRESERVED_SPECIMEN","CONTINENT_DERIVED_FROM_COORDINATES;INSTITUTION_MATCH_FUZZY;COLLECTION_MATCH_FUZZY"
168.075726,-46.265623,"Sophora microphylla",1091260302,"","NZL",NA,1973,"PRESERVED_SPECIMEN","CONTINENT_DERIVED_FROM_COORDINATES;INSTITUTION_MATCH_FUZZY;COLLECTION_MATCH_FUZZY"
174.055761,-40.903701,"Sophora microphylla",1091291094,"","NZL",NA,1981,"PRESERVED_SPECIMEN","CONTINENT_DERIVED_FROM_COORDINATES;INSTITUTION_MATCH_FUZZY;COLLECTION_MATCH_FUZZY"
173.217212,-42.727033,"Sophora microphylla",1091330250,"","NZL",NA,1979,"PRESERVED_SPECIMEN","CONTINENT_DERIVED_FROM_COORDINATES;INSTITUTION_MATCH_FUZZY;COLLECTION_MATCH_FUZZY"
175.680466,-41.349158,"Sophora microphylla",1091185793,"","NZL",NA,1974,"PRESERVED_SPECIMEN","CONTINENT_DERIVED_FROM_COORDINATES;INSTITUTION_MATCH_FUZZY;COLLECTION_MATCH_FUZZY"
174.589495,-38.817591,"Sophora microphylla",1091202260,"","NZL",NA,1978,"PRESERVED_SPECIMEN","CONTINENT_DERIVED_FROM_COORDINATES;INSTITUTION_MATCH_FUZZY;COLLECTION_MATCH_FUZZY"
175.956393,-40.93656,"Sophora microphylla",1091203661,"","NZL",NA,1998,"PRESERVED_SPECIMEN","CONTINENT_DERIVED_FROM_COORDINATES;INSTITUTION_MATCH_FUZZY;COLLECTION_MATCH_FUZZY"
171.898513,-43.047049,"Sophora microphylla",1091234883,"","NZL",NA,1989,"PRESERVED_SPECIMEN","CONTINENT_DERIVED_FROM_COORDINATES;INSTITUTION_MATCH_FUZZY;COLLECTION_MATCH_FUZZY"
172.864018,-43.064313,"Sophora microphylla",1091253017,"","NZL",NA,1972,"PRESERVED_SPECIMEN","CONTINENT_DERIVED_FROM_COORDINATES;INSTITUTION_MATCH_FUZZY;COLLECTION_MATCH_FUZZY"
175.81351,-40.334635,"Sophora microphylla",3044294304,"","NZL",NA,2014,"PRESERVED_SPECIMEN","CONTINENT_DERIVED_FROM_COORDINATES;INSTITUTION_MATCH_FUZZY;COLLECTION_MATCH_FUZZY"
171.341439,-43.033233,"Sophora microphylla",1091316321,"","NZL",NA,1975,"PRESERVED_SPECIMEN","CONTINENT_DERIVED_FROM_COORDINATES;INSTITUTION_MATCH_FUZZY;COLLECTION_MATCH_FUZZY"
175.664253,-39.387466,"Sophora microphylla",1091100347,"","NZL",NA,1961,"PRESERVED_SPECIMEN","CONTINENT_DERIVED_FROM_COORDINATES;INSTITUTION_MATCH_FUZZY;COLLECTION_MATCH_FUZZY"
170.351633,-44.646717,"Sophora microphylla",1091109591,"","NZL",NA,2009,"PRESERVED_SPECIMEN","CONTINENT_DERIVED_FROM_COORDINATES;INSTITUTION_MATCH_FUZZY;COLLECTION_MATCH_FUZZY"
175.572916,-36.640176,"Sophora microphylla",1091134566,"","NZL",NA,1970,"PRESERVED_SPECIMEN","CONTINENT_DERIVED_FROM_COORDINATES;INSTITUTION_MATCH_FUZZY;COLLECTION_MATCH_FUZZY"
175.778136,-41.192529,"Sophora microphylla",1091170301,"","NZL",NA,1970,"PRESERVED_SPECIMEN","CONTINENT_DERIVED_FROM_COORDINATES;INSTITUTION_MATCH_FUZZY;COLLECTION_MATCH_FUZZY"
171.493029,-43.677106,"Sophora microphylla",1091192333,"","NZL",NA,1973,"PRESERVED_SPECIMEN","CONTINENT_DERIVED_FROM_COORDINATES;INSTITUTION_MATCH_FUZZY;COLLECTION_MATCH_FUZZY"
175.928142,-39.937997,"Sophora microphylla",1091125123,"","NZL",NA,1998,"PRESERVED_SPECIMEN","CONTINENT_DERIVED_FROM_COORDINATES;INSTITUTION_MATCH_FUZZY;COLLECTION_MATCH_FUZZY"
175.131129,-38.308208,"Sophora microphylla",1091154824,"","NZL",NA,1970,"PRESERVED_SPECIMEN","CONTINENT_DERIVED_FROM_COORDINATES;INSTITUTION_MATCH_FUZZY;COLLECTION_MATCH_FUZZY"
170.779933,-43.503461,"Sophora microphylla",1091196462,"","NZL",NA,1972,"PRESERVED_SPECIMEN","CONTINENT_DERIVED_FROM_COORDINATES;INSTITUTION_MATCH_FUZZY;COLLECTION_MATCH_FUZZY"
169.639194,-45.911013,"Sophora microphylla",1091212736,"","NZL",NA,1972,"PRESERVED_SPECIMEN","CONTINENT_DERIVED_FROM_COORDINATES;INSTITUTION_MATCH_FUZZY;COLLECTION_MATCH_FUZZY"
173.982448,-40.771108,"Sophora microphylla",1091215926,"","NZL",NA,1981,"PRESERVED_SPECIMEN","CONTINENT_DERIVED_FROM_COORDINATES;INSTITUTION_MATCH_FUZZY;COLLECTION_MATCH_FUZZY"
175.300142,-39.611686,"Sophora microphylla",1091225848,"","NZL",NA,1973,"PRESERVED_SPECIMEN","CONTINENT_DERIVED_FROM_COORDINATES;INSTITUTION_MATCH_FUZZY;COLLECTION_MATCH_FUZZY"
173.06392,-42.979449,"Sophora microphylla",1229703849,"","NZL",NA,1978,"PRESERVED_SPECIMEN","CONTINENT_DERIVED_FROM_COORDINATES;INSTITUTION_MATCH_FUZZY;COLLECTION_MATCH_FUZZY"
170.083333,-45.458333,"Sophora microphylla",1091154413,"","NZL",NA,1971,"PRESERVED_SPECIMEN","CONTINENT_DERIVED_FROM_COORDINATES;INSTITUTION_MATCH_FUZZY;COLLECTION_MATCH_FUZZY"
172.684179,-40.714619,"Sophora microphylla",2830905324,"","NZL",NA,2009,"PRESERVED_SPECIMEN","CONTINENT_DERIVED_FROM_COORDINATES;INSTITUTION_MATCH_FUZZY;COLLECTION_MATCH_FUZZY"
175.840847,-39.725697,"Sophora microphylla",1091251120,"","NZL",NA,1976,"PRESERVED_SPECIMEN","CONTINENT_DERIVED_FROM_COORDINATES;INSTITUTION_MATCH_FUZZY;COLLECTION_MATCH_FUZZY"
175.496196,-39.779689,"Sophora microphylla",1091111386,"","NZL",NA,1998,"PRESERVED_SPECIMEN","CONTINENT_DERIVED_FROM_COORDINATES;INSTITUTION_MATCH_FUZZY;COLLECTION_MATCH_FUZZY"
174.132494,-41.683221,"Sophora microphylla",1091144114,"","NZL",NA,1970,"PRESERVED_SPECIMEN","CONTINENT_DERIVED_FROM_COORDINATES;INSTITUTION_MATCH_FUZZY;COLLECTION_MATCH_FUZZY"
168.640069,-45.703587,"Sophora microphylla",1091186269,"","NZL",NA,1966,"PRESERVED_SPECIMEN","CONTINENT_DERIVED_FROM_COORDINATES;INSTITUTION_MATCH_FUZZY;COLLECTION_MATCH_FUZZY"
175.023852,-38.941081,"Sophora microphylla",1091231937,"","NZL",NA,1967,"PRESERVED_SPECIMEN","CONTINENT_DERIVED_FROM_COORDINATES;INSTITUTION_MATCH_FUZZY;COLLECTION_MATCH_FUZZY"
171.319745,-42.175876,"Sophora microphylla",1091206635,"","NZL",NA,1991,"PRESERVED_SPECIMEN","CONTINENT_DERIVED_FROM_COORDINATES;INSTITUTION_MATCH_FUZZY;COLLECTION_MATCH_FUZZY"
172.754139,-43.180799,"Sophora microphylla",1091214400,"","NZL",NA,1971,"PRESERVED_SPECIMEN","CONTINENT_DERIVED_FROM_COORDINATES;INSTITUTION_MATCH_FUZZY;COLLECTION_MATCH_FUZZY"
175.315123,-40.395307,"Sophora microphylla",1091095508,"","NZL",NA,1968,"PRESERVED_SPECIMEN","CONTINENT_DERIVED_FROM_COORDINATES;INSTITUTION_MATCH_FUZZY;COLLECTION_MATCH_FUZZY"
172.097605,-41.378685,"Sophora microphylla",1091136567,"","NZL",NA,1977,"PRESERVED_SPECIMEN","CONTINENT_DERIVED_FROM_COORDINATES;INSTITUTION_MATCH_FUZZY;COLLECTION_MATCH_FUZZY"
172.231363,-42.18099,"Sophora microphylla",1091234983,"","NZL",NA,1972,"PRESERVED_SPECIMEN","CONTINENT_DERIVED_FROM_COORDINATES;INSTITUTION_MATCH_FUZZY;COLLECTION_MATCH_FUZZY"
173.255698,-42.626853,"Sophora microphylla",1091106860,"","NZL",NA,1976,"PRESERVED_SPECIMEN","CONTINENT_DERIVED_FROM_COORDINATES;INSTITUTION_MATCH_FUZZY;COLLECTION_MATCH_FUZZY"
173.86665,-41.512517,"Sophora microphylla",4009704857,"","NZL",9,2022,"HUMAN_OBSERVATION","COORDINATE_ROUNDED;CONTINENT_DERIVED_FROM_COORDINATES"
172.455567,-43.20442,"Sophora microphylla",2574079852,"","NZL",NA,2020,"HUMAN_OBSERVATION","COORDINATE_ROUNDED;CONTINENT_DERIVED_FROM_COORDINATES"
170.086169,-45.577252,"Sophora microphylla",1038305306,"","NZL",NA,2011,"HUMAN_OBSERVATION","COORDINATE_ROUNDED;CONTINENT_DERIVED_FROM_COORDINATES"
-72.541087,-41.201139,"Sophora microphylla",3949698891,"","CHL",NA,2022,"HUMAN_OBSERVATION","COORDINATE_ROUNDED;COUNTRY_DERIVED_FROM_COORDINATES;CONTINENT_DERIVED_FROM_COORDINATES"
173.962014,-35.216847,"Sophora microphylla",3952367481,"","NZL",5,2020,"HUMAN_OBSERVATION","COORDINATE_ROUNDED;COUNTRY_DERIVED_FROM_COORDINATES;CONTINENT_DERIVED_FROM_COORDINATES"
-70.764444,-33.250833,"Sophora microphylla",3951650371,"","CHL",NA,2019,"HUMAN_OBSERVATION","COORDINATE_ROUNDED;COUNTRY_DERIVED_FROM_COORDINATES;CONTINENT_DERIVED_FROM_COORDINATES"
-71.033938,-34.717494,"Sophora microphylla",3998616339,"","CHL",5,2022,"HUMAN_OBSERVATION","COORDINATE_ROUNDED;COUNTRY_DERIVED_FROM_COORDINATES;CONTINENT_DERIVED_FROM_COORDINATES"
-72.518154,-40.866351,"Sophora microphylla",3998528614,"","CHL",24,2022,"HUMAN_OBSERVATION","COORDINATE_ROUNDED;COUNTRY_DERIVED_FROM_COORDINATES;CONTINENT_DERIVED_FROM_COORDINATES"
176.101878,-38.709817,"Sophora microphylla",3955567237,"","NZL",11,2020,"HUMAN_OBSERVATION","COORDINATE_ROUNDED;COUNTRY_DERIVED_FROM_COORDINATES;CONTINENT_DERIVED_FROM_COORDINATES"
169.319818,-44.588048,"Sophora microphylla",1580494471,"","NZL",4,2017,"HUMAN_OBSERVATION","COORDINATE_ROUNDED;CONTINENT_DERIVED_FROM_COORDINATES"
174.225265,-35.617002,"Sophora microphylla",2984540030,"","NZL",NA,2020,"HUMAN_OBSERVATION","COORDINATE_ROUNDED;CONTINENT_DERIVED_FROM_COORDINATES"
174.812289,-41.173428,"Sophora microphylla",1640087356,"","NZL",NA,2017,"HUMAN_OBSERVATION","CONTINENT_DERIVED_FROM_COORDINATES"
170.503789,-44.83238,"Sophora microphylla",1453371327,"","NZL",27,2017,"HUMAN_OBSERVATION","COORDINATE_ROUNDED;CONTINENT_DERIVED_FROM_COORDINATES"
172.44558,-43.741371,"Sophora microphylla",1038324425,"","NZL",NA,2014,"HUMAN_OBSERVATION","COORDINATE_ROUNDED;CONTINENT_DERIVED_FROM_COORDINATES"
-72.933,-41.467,"Sophora microphylla",3808187583,"Puerto Montt","CHL",NA,1964,"PRESERVED_SPECIMEN","INSTITUTION_MATCH_FUZZY;COLLECTION_MATCH_NONE"
-72.417,-42.367,"Sophora microphylla",3808190147,"Huinay","CHL",NA,1991,"PRESERVED_SPECIMEN","INSTITUTION_MATCH_FUZZY;COLLECTION_MATCH_NONE"
-72.5,-40.817,"Sophora microphylla",3808190225,"Lago Rupanco","CHL",NA,1977,"PRESERVED_SPECIMEN","INSTITUTION_MATCH_FUZZY;COLLECTION_MATCH_NONE"
-73.133,-40.65,"Sophora microphylla",3808190329,"Río Rahue","CHL",NA,1974,"PRESERVED_SPECIMEN","INSTITUTION_MATCH_FUZZY;COLLECTION_MATCH_NONE"
-71.383,-37.7,"Sophora microphylla",3808191364,"Queuco","CHL",NA,1971,"PRESERVED_SPECIMEN","INSTITUTION_MATCH_FUZZY;COLLECTION_MATCH_NONE"
-72.833,-41.117,"Sophora microphylla",3808197459,"Lago Llanquihue","CHL",NA,1985,"PRESERVED_SPECIMEN","INSTITUTION_MATCH_FUZZY;COLLECTION_MATCH_NONE"
-72.233,-39.283,"Sophora microphylla",3808197553,"Villarrica","CHL",NA,1975,"PRESERVED_SPECIMEN","INSTITUTION_MATCH_FUZZY;COLLECTION_MATCH_NONE"
172.375458,-42.845553,"Sophora microphylla",2641310807,"","NZL",122,2019,"HUMAN_OBSERVATION","COORDINATE_ROUNDED;CONTINENT_DERIVED_FROM_COORDINATES"
170.851972,-45.374612,"Sophora microphylla",1143542806,"","NZL",23,2015,"HUMAN_OBSERVATION","CONTINENT_DERIVED_FROM_COORDINATES"
174.864128,-36.786301,"Sophora microphylla",1805401018,"","NZL",3249,2018,"HUMAN_OBSERVATION","COORDINATE_ROUNDED;CONTINENT_DERIVED_FROM_COORDINATES"
175.839735,-38.950268,"Sophora microphylla",3947073916,"","NZL",NA,2022,"HUMAN_OBSERVATION","COORDINATE_ROUNDED;CONTINENT_DERIVED_FROM_COORDINATES"
171.926355,-43.337345,"Sophora microphylla",3061656704,"","NZL",NA,2021,"HUMAN_OBSERVATION","COORDINATE_ROUNDED;CONTINENT_DERIVED_FROM_COORDINATES"
170.19702,-44.178141,"Sophora microphylla",1233597186,"","NZL",95,2016,"HUMAN_OBSERVATION","CONTINENT_DERIVED_FROM_COORDINATES"
-72.391739,-40.1353,"Sophora microphylla",2644376991,"","CHL",32,2020,"HUMAN_OBSERVATION","COORDINATE_ROUNDED;COUNTRY_DERIVED_FROM_COORDINATES;CONTINENT_DERIVED_FROM_COORDINATES"
-73.029167,-41.136111,"Sophora microphylla",1257548350,"Lago Llanquihue, on coastal road just north of Frutillar, Playa Maqui campground.","CHL",NA,1990,"PRESERVED_SPECIMEN","OCCURRENCE_STATUS_INFERRED_FROM_INDIVIDUAL_COUNT;COORDINATE_ROUNDED;GEODETIC_DATUM_ASSUMED_WGS84;INSTITUTION_MATCH_FUZZY;COLLECTION_MATCH_NONE"
173.11063,-34.742269,"Sophora microphylla",1265536930,"","NZL",NA,2016,"HUMAN_OBSERVATION","CONTINENT_DERIVED_FROM_COORDINATES"
173.015519,-41.116458,"Sophora microphylla",3874206056,"","NZL",NA,2022,"HUMAN_OBSERVATION","COORDINATE_ROUNDED;CONTINENT_DERIVED_FROM_COORDINATES"
172.53244,-42.35371,"Sophora microphylla",3859331982,"","NZL",NA,2022,"HUMAN_OBSERVATION","COORDINATE_ROUNDED;CONTINENT_DERIVED_FROM_COORDINATES"
170.162271,-45.256366,"Sophora microphylla",3079581272,"","NZL",8,2021,"HUMAN_OBSERVATION","COORDINATE_ROUNDED;CONTINENT_DERIVED_FROM_COORDINATES"
170.567251,-45.607241,"Sophora microphylla",2862377856,"","NZL",175,2020,"HUMAN_OBSERVATION","COORDINATE_ROUNDED;CONTINENT_DERIVED_FROM_COORDINATES"
173.859784,-41.096234,"Sophora microphylla",2864588239,"","NZL",519,2020,"HUMAN_OBSERVATION","COORDINATE_ROUNDED;CONTINENT_DERIVED_FROM_COORDINATES"
167.922792,-44.670631,"Sophora microphylla",4006596121,"","NZL",3,2022,"HUMAN_OBSERVATION","COORDINATE_ROUNDED;CONTINENT_DERIVED_FROM_COORDINATES"
168.663392,-44.991312,"Sophora microphylla",3760256797,"","NZL",10,2022,"HUMAN_OBSERVATION","COORDINATE_ROUNDED;CONTINENT_DERIVED_FROM_COORDINATES"
169.268253,-45.52357,"Sophora microphylla",2269317813,"","NZL",15,2018,"HUMAN_OBSERVATION","COORDINATE_ROUNDED;CONTINENT_DERIVED_FROM_COORDINATES"
171.95358,-41.530429,"Sophora microphylla",3963443335,"","NZL",4,2022,"HUMAN_OBSERVATION","COORDINATE_ROUNDED;CONTINENT_DERIVED_FROM_COORDINATES"
170.469398,-44.825641,"Sophora microphylla",3005124810,"","NZL",15,2020,"HUMAN_OBSERVATION","COORDINATE_ROUNDED;CONTINENT_DERIVED_FROM_COORDINATES"
170.167143,-46.039087,"Sophora microphylla",1143543047,"","NZL",NA,2015,"HUMAN_OBSERVATION","CONTINENT_DERIVED_FROM_COORDINATES"
176.862137,-39.51973,"Sophora microphylla",3915451058,"","NZL",NA,2022,"HUMAN_OBSERVATION","COORDINATE_ROUNDED;CONTINENT_DERIVED_FROM_COORDINATES"
175.815727,-39.026232,"Sophora microphylla",2988496832,"","NZL",31,2020,"HUMAN_OBSERVATION","COORDINATE_ROUNDED;CONTINENT_DERIVED_FROM_COORDINATES"
175.354832,-41.082042,"Sophora microphylla",1052593407,"","NZL",116,2014,"HUMAN_OBSERVATION","CONTINENT_DERIVED_FROM_COORDINATES"
168.326737,-44.773128,"Sophora microphylla",3097215481,"","NZL",10,2021,"HUMAN_OBSERVATION","COORDINATE_ROUNDED;CONTINENT_DERIVED_FROM_COORDINATES"
170.486306,-44.004653,"Sophora microphylla",3759971634,"","NZL",6,2022,"HUMAN_OBSERVATION","COORDINATE_ROUNDED;CONTINENT_DERIVED_FROM_COORDINATES"
174.391205,-38.999716,"Sophora microphylla",2963853582,"","NZL",4,2020,"HUMAN_OBSERVATION","COORDINATE_ROUNDED;CONTINENT_DERIVED_FROM_COORDINATES"
10.671,63.434,"Sophora microphylla",3045019732,"","NOR",5000,2009,"HUMAN_OBSERVATION","CONTINENT_DERIVED_FROM_COORDINATES"
171.85,-41.85,"Sophora microphylla",2430723384,"Lower Buller River","NZL",1000,1965,"PRESERVED_SPECIMEN","CONTINENT_DERIVED_FROM_COORDINATES;INSTITUTION_MATCH_FUZZY;COLLECTION_MATCH_FUZZY"
177.166667,-38.75,"Sophora microphylla",2430974182,"Aniwaniwa, Lake Waikaremoana","NZL",1000,1966,"PRESERVED_SPECIMEN","CONTINENT_DERIVED_FROM_COORDINATES;INSTITUTION_MATCH_FUZZY;COLLECTION_MATCH_FUZZY"
170.1306,-43.2424,"Sophora microphylla",1312582328,"3 MILE LGN","NZL",50,1985,"HUMAN_OBSERVATION","GEODETIC_DATUM_ASSUMED_WGS84;CONTINENT_DERIVED_FROM_COORDINATES"
176.861,-39.0965,"Sophora microphylla",1312352861,"Front gate","NZL",5,2004,"HUMAN_OBSERVATION","GEODETIC_DATUM_ASSUMED_WGS84;CONTINENT_DERIVED_FROM_COORDINATES"
172.1907,-41.6121,"Sophora microphylla",1889957773,"Mokihinui River (South Branch), Goat Creek","NZL",50,1983,"HUMAN_OBSERVATION","GEODETIC_DATUM_ASSUMED_WGS84;CONTINENT_DERIVED_FROM_COORDINATES"
169.4317,-43.6336,"Sophora microphylla",1312510165,"Paringa","NZL",50,1985,"HUMAN_OBSERVATION","GEODETIC_DATUM_ASSUMED_WGS84;CONTINENT_DERIVED_FROM_COORDINATES"
-73.798617,-42.459023,"Sophora microphylla",3957729665,"","CHL",15,2022,"HUMAN_OBSERVATION","COORDINATE_ROUNDED;COUNTRY_DERIVED_FROM_COORDINATES;CONTINENT_DERIVED_FROM_COORDINATES"
-70.97455,-34.828089,"Sophora microphylla",3955487027,"","CHL",24,2020,"HUMAN_OBSERVATION","COORDINATE_ROUNDED;COUNTRY_DERIVED_FROM_COORDINATES;CONTINENT_DERIVED_FROM_COORDINATES"
-72.659988,-41.060711,"Sophora microphylla",3955934538,"","CHL",NA,2018,"HUMAN_OBSERVATION","COORDINATE_ROUNDED;COUNTRY_DERIVED_FROM_COORDINATES;CONTINENT_DERIVED_FROM_COORDINATES"
170.890435,-45.185844,"Sophora microphylla",3954034631,"","NZL",9,2022,"HUMAN_OBSERVATION","COORDINATE_ROUNDED;COUNTRY_DERIVED_FROM_COORDINATES;CONTINENT_DERIVED_FROM_COORDINATES"
-72.9833,-37,"Sophora microphylla",1936690606,"VIII Región. Prov. Concepción. Camino de Concepción a Santa Juana, Puete Patagual","CHL",NA,1992,"PRESERVED_SPECIMEN","GEODETIC_DATUM_ASSUMED_WGS84;CONTINENT_DERIVED_FROM_COORDINATES;INSTITUTION_MATCH_FUZZY;COLLECTION_MATCH_FUZZY"
145.373856,-37.83932,"Sophora microphylla",2609081131,"","AUS",122,2018,"HUMAN_OBSERVATION","COORDINATE_ROUNDED;CONTINENT_DERIVED_FROM_COORDINATES"
167.294854,-46.067362,"Sophora microphylla",3044955507,"","NZL",8,2021,"HUMAN_OBSERVATION","COORDINATE_ROUNDED;CONTINENT_DERIVED_FROM_COORDINATES"
-72.226671,-39.607563,"Sophora microphylla",3954915890,"","CHL",19,2021,"HUMAN_OBSERVATION","COORDINATE_ROUNDED;COUNTRY_DERIVED_FROM_COORDINATES;CONTINENT_DERIVED_FROM_COORDINATES"
168.84079,-44.93359,"Sophora microphylla",1831205878,"","NZL",NA,2018,"HUMAN_OBSERVATION","CONTINENT_DERIVED_FROM_COORDINATES"
172.72731,-34.446518,"Sophora microphylla",3947323047,"","NZL",31,2022,"HUMAN_OBSERVATION","COORDINATE_ROUNDED;CONTINENT_DERIVED_FROM_COORDINATES"
176.1622,-39.8989,"Sophora microphylla",1312068731,"Hine tukitu","NZL",50,1983,"HUMAN_OBSERVATION","GEODETIC_DATUM_ASSUMED_WGS84;CONTINENT_DERIVED_FROM_COORDINATES"
171.602774,-43.93714,"Sophora microphylla",176078307,"","NZL",NA,2006,"HUMAN_OBSERVATION","COORDINATE_ROUNDED;GEODETIC_DATUM_ASSUMED_WGS84;CONTINENT_DERIVED_FROM_COORDINATES"
170.996659,-42.716687,"Sophora microphylla",176082668,"","NZL",NA,2008,"HUMAN_OBSERVATION","COORDINATE_ROUNDED;GEODETIC_DATUM_ASSUMED_WGS84;CONTINENT_DERIVED_FROM_COORDINATES"
172.822603,-43.847504,"Sophora microphylla",176081257,"","NZL",NA,1971,"HUMAN_OBSERVATION","COORDINATE_ROUNDED;GEODETIC_DATUM_ASSUMED_WGS84;CONTINENT_DERIVED_FROM_COORDINATES"
175.474702,-37.897861,"Sophora microphylla",176080599,"","NZL",NA,2007,"HUMAN_OBSERVATION","COORDINATE_ROUNDED;GEODETIC_DATUM_ASSUMED_WGS84;CONTINENT_DERIVED_FROM_COORDINATES"
170.36477,-43.26288,"Sophora microphylla",176081177,"","NZL",NA,2008,"HUMAN_OBSERVATION","COORDINATE_ROUNDED;GEODETIC_DATUM_ASSUMED_WGS84;CONTINENT_DERIVED_FROM_COORDINATES"
173.229967,-41.647813,"Sophora microphylla",176080486,"","NZL",NA,2006,"HUMAN_OBSERVATION","COORDINATE_ROUNDED;GEODETIC_DATUM_ASSUMED_WGS84;CONTINENT_DERIVED_FROM_COORDINATES"
172.623643,-43.667755,"Sophora microphylla",176081218,"","NZL",NA,1971,"HUMAN_OBSERVATION","COORDINATE_ROUNDED;GEODETIC_DATUM_ASSUMED_WGS84;CONTINENT_DERIVED_FROM_COORDINATES"
175.971017,-40.549034,"Sophora microphylla",176082761,"","NZL",NA,1988,"HUMAN_OBSERVATION","COORDINATE_ROUNDED;GEODETIC_DATUM_ASSUMED_WGS84;CONTINENT_DERIVED_FROM_COORDINATES"
168.88063,-46.06206,"Sophora microphylla",3873576605,"","NZL",NA,2022,"HUMAN_OBSERVATION","COORDINATE_ROUNDED;CONTINENT_DERIVED_FROM_COORDINATES"
177.992287,-37.879219,"Sophora microphylla",3859665399,"","NZL",15,2022,"HUMAN_OBSERVATION","COORDINATE_ROUNDED;CONTINENT_DERIVED_FROM_COORDINATES"
169.920189,-46.047786,"Sophora microphylla",3947739086,"","NZL",NA,2022,"HUMAN_OBSERVATION","COORDINATE_ROUNDED;CONTINENT_DERIVED_FROM_COORDINATES"
173.843698,-41.291132,"Sophora microphylla",2579250217,"","NZL",NA,2020,"HUMAN_OBSERVATION","COORDINATE_ROUNDED;CONTINENT_DERIVED_FROM_COORDINATES"
-72.98194,-41.09806,"Sophora microphylla",2422445001,"Lago Llanquihue, on coastal road just (c. 8 km) north of Frutillar, Playa Maqui campground","CHL",NA,1990,"PRESERVED_SPECIMEN","GEODETIC_DATUM_ASSUMED_WGS84;CONTINENT_DERIVED_FROM_COORDINATES;AMBIGUOUS_INSTITUTION"
169.555508,-44.805506,"Sophora microphylla",1453167312,"","NZL",4,2016,"HUMAN_OBSERVATION","COORDINATE_ROUNDED;CONTINENT_DERIVED_FROM_COORDINATES"
172.987758,-42.870254,"Sophora microphylla",3302416159,"","NZL",8,2021,"HUMAN_OBSERVATION","COORDINATE_ROUNDED;CONTINENT_DERIVED_FROM_COORDINATES"
170.879947,-44.32853,"Sophora microphylla",3985822945,"","NZL",122,2015,"HUMAN_OBSERVATION","COORDINATE_ROUNDED;CONTINENT_DERIVED_FROM_COORDINATES"
