"lon","lat","species","gbifID","locality","countryCode","coordinateUncertaintyInMeters","year","basisOfRecord","issue"
133.059167,-24.163056,"Swainsona phacoides",2829722912,"E of gorge, Boggy Hole Creek valley, 21 km E of Finke River junction, Henbury Station.","AUS",NA,2013,"PRESERVED_SPECIMEN","COORDINATE_ROUNDED;CONTINENT_DERIVED_FROM_COORDINATES;INSTITUTION_MATCH_FUZZY;COLLECTION_MATCH_FUZZY"
143.08,-33.75,"Swainsona phacoides",2829058233,"Lake Mungo.","AUS",NA,1979,"PRESERVED_SPECIMEN","CONTINENT_DERIVED_FROM_COORDINATES;INSTITUTION_MATCH_FUZZY;COLLECTION_MATCH_FUZZY"
133.1853,-24.8078,"Swainsona phacoides",2828543282,"Stuart Hwy. c.5km Sth of Palmer River Xing.c.0.5km West from Stuart Hwy.","AUS",NA,2010,"PRESERVED_SPECIMEN","COORDINATE_ROUNDED;CONTINENT_DERIVED_FROM_COORDINATES;INSTITUTION_MATCH_FUZZY;COLLECTION_MATCH_FUZZY"
143.97334,-31.432872,"Swainsona phacoides",3858116553,"locality withheld","AUS",10,2005,"HUMAN_OBSERVATION","COORDINATE_ROUNDED;CONTINENT_DERIVED_FROM_COORDINATES"
146.769141,-29.819625,"Swainsona phacoides",3070246348,"locality withheld","AUS",10,2015,"HUMAN_OBSERVATION","COORDINATE_ROUNDED;CONTINENT_DERIVED_FROM_COORDINATES"
133.190709,-24.883672,"Swainsona phacoides",1633454802,"","AUS",NA,2001,"HUMAN_OBSERVATION","CONTINENT_DERIVED_FROM_COORDINATES"
133.851111,-23.792778,"Swainsona phacoides",2850162135,"Quarantine property, SW of Ghan Railway Reserve.","AUS",20,1996,"HUMAN_OBSERVATION","CONTINENT_DERIVED_FROM_COORDINATES"
133.425748,-24.343769,"Swainsona phacoides",1805949054,"","AUS",20,2016,"HUMAN_OBSERVATION","CONTINENT_DERIVED_FROM_COORDINATES"
132.772142,-24.603375,"Swainsona phacoides",1633463322,"","AUS",NA,2001,"HUMAN_OBSERVATION","CONTINENT_DERIVED_FROM_COORDINATES"
133.619031,-24.381186,"Swainsona phacoides",1805949166,"","AUS",20,2016,"HUMAN_OBSERVATION","CONTINENT_DERIVED_FROM_COORDINATES"
133.673889,-23.772222,"Swainsona phacoides",2445729717,"Conlans Lagoon, rifle range swamp, North margin.","AUS",20,1996,"HUMAN_OBSERVATION","CONTINENT_DERIVED_FROM_COORDINATES"
133.635135,-25.015334,"Swainsona phacoides",1633454718,"","AUS",NA,2001,"HUMAN_OBSERVATION","CONTINENT_DERIVED_FROM_COORDINATES"
133.34494,-22.31335,"Swainsona phacoides",1633253526,"","AUS",NA,2001,"HUMAN_OBSERVATION","CONTINENT_DERIVED_FROM_COORDINATES"
134.171008,-25.461911,"Swainsona phacoides",1633459873,"","AUS",NA,2001,"HUMAN_OBSERVATION","CONTINENT_DERIVED_FROM_COORDINATES"
135.298617,-25.968633,"Swainsona phacoides",1633553003,"","AUS",NA,2001,"HUMAN_OBSERVATION","CONTINENT_DERIVED_FROM_COORDINATES"
133.859444,-23.646667,"Swainsona phacoides",2445800136,"Charles Creek, upstream from Stuart Highway bridge.","AUS",20,1996,"HUMAN_OBSERVATION","CONTINENT_DERIVED_FROM_COORDINATES"
133.891759,-25.210103,"Swainsona phacoides",1633459391,"Cotton Bush Dam.","AUS",NA,2001,"HUMAN_OBSERVATION","CONTINENT_DERIVED_FROM_COORDINATES"
134.400772,-25.539497,"Swainsona phacoides",1633456476,"KM SOUTH OF BORE ALON TRACK TO MULGA BORE (DODNEA VISCOSA SSP ANGUST. SHRUBLAND ON FINKE RIVER FLOODPLAIN).","AUS",NA,2001,"HUMAN_OBSERVATION","CONTINENT_DERIVED_FROM_COORDINATES"
133.839626,-24.508548,"Swainsona phacoides",1633462782,"GUMTREE BORE.","AUS",NA,2001,"HUMAN_OBSERVATION","CONTINENT_DERIVED_FROM_COORDINATES"
143.1,-34.716667,"Swainsona phacoides",1096791805,"Australia. Victoria, Pile Bend forest west of Boundary Bend.","AUS",NA,2010,"PRESERVED_SPECIMEN","GEODETIC_DATUM_ASSUMED_WGS84;INSTITUTION_COLLECTION_MISMATCH"
142.3513,-34.7318,"Swainsona phacoides",3129683148,"","AUS",400,1986,"HUMAN_OBSERVATION","COORDINATE_ROUNDED;CONTINENT_DERIVED_FROM_COORDINATES"
142.8802,-34.7076,"Swainsona phacoides",1645327548,"","AUS",1.5,2009,"HUMAN_OBSERVATION","COORDINATE_ROUNDED;CONTINENT_DERIVED_FROM_COORDINATES"
142.204336,-32.533767,"Swainsona phacoides",1451704395,"locality withheld","AUS",30,2000,"PRESERVED_SPECIMEN","COORDINATE_ROUNDED;CONTINENT_DERIVED_FROM_COORDINATES;INSTITUTION_MATCH_NONE"
144.111667,-29.821389,"Swainsona phacoides",2806450330,"locality withheld","AUS",3,2010,"PRESERVED_SPECIMEN","COORDINATE_ROUNDED;CONTINENT_DERIVED_FROM_COORDINATES;INSTITUTION_MATCH_NONE"
143.1953,-34.7303,"Swainsona phacoides",2439308398,"C. 2 km E of Boundary Bend.","AUS",1000,1998,"PRESERVED_SPECIMEN","INSTITUTION_MATCH_FUZZY;COLLECTION_MATCH_FUZZY"
136.644722,-24.263889,"Swainsona phacoides",2437352873,"Plenty Lakes; 115km S of Atula Hmsd.","AUS",1000,2010,"PRESERVED_SPECIMEN","INSTITUTION_MATCH_FUZZY;COLLECTION_MATCH_FUZZY"
142.4,-34.6058,"Swainsona phacoides",1640554057,"","AUS",1.5,1983,"HUMAN_OBSERVATION","COORDINATE_ROUNDED;CONTINENT_DERIVED_FROM_COORDINATES"
142.1179,-34.8151,"Swainsona phacoides",3130503438,"","AUS",400,1983,"HUMAN_OBSERVATION","COORDINATE_ROUNDED;CONTINENT_DERIVED_FROM_COORDINATES"
137.36553,-27.53808,"Swainsona phacoides",1084088231,"Munga-Thirri?Simpson Desert (NP)","AUS",50,2006,"HUMAN_OBSERVATION","CONTINENT_DERIVED_FROM_COORDINATES"
137.86906,-27.85113,"Swainsona phacoides",1085356773,"","AUS",50,2000,"HUMAN_OBSERVATION","CONTINENT_DERIVED_FROM_COORDINATES"
140.79476,-26.87193,"Swainsona phacoides",1085443750,"","AUS",50,2008,"HUMAN_OBSERVATION","CONTINENT_DERIVED_FROM_COORDINATES"
136.78805,-26.32316,"Swainsona phacoides",1085298400,"Munga-Thirri?Simpson Desert (NP)","AUS",100,1997,"HUMAN_OBSERVATION","CONTINENT_DERIVED_FROM_COORDINATES"
138.07277,-28.92173,"Swainsona phacoides",1085356468,"","AUS",50,2000,"HUMAN_OBSERVATION","CONTINENT_DERIVED_FROM_COORDINATES"
137.3645,-26.37961,"Swainsona phacoides",1085306922,"Munga-Thirri?Simpson Desert (NP)","AUS",100,1998,"HUMAN_OBSERVATION","CONTINENT_DERIVED_FROM_COORDINATES"
136.94996,-27.77325,"Swainsona phacoides",1084068745,"","AUS",100,2006,"HUMAN_OBSERVATION","CONTINENT_DERIVED_FROM_COORDINATES"
130.62012,-31.1291,"Swainsona phacoides",1084114946,"Nullarbor (WA)","AUS",50,2011,"HUMAN_OBSERVATION","CONTINENT_DERIVED_FROM_COORDINATES"
137.53099,-27.03657,"Swainsona phacoides",1085306507,"Munga-Thirri?Simpson Desert (NP)","AUS",50,1998,"HUMAN_OBSERVATION","CONTINENT_DERIVED_FROM_COORDINATES"
140.67263,-27.06969,"Swainsona phacoides",1085448374,"Innamincka (RR)","AUS",50,2008,"HUMAN_OBSERVATION","CONTINENT_DERIVED_FROM_COORDINATES"
140.70543,-30.2559,"Swainsona phacoides",1085240371,"","AUS",50,1996,"HUMAN_OBSERVATION","CONTINENT_DERIVED_FROM_COORDINATES"
140.8906,-26.87699,"Swainsona phacoides",1454425779,"","AUS",50,2008,"PRESERVED_SPECIMEN","CONTINENT_DERIVED_FROM_COORDINATES"
137.52267,-26.97324,"Swainsona phacoides",1085306289,"Munga-Thirri?Simpson Desert (NP)","AUS",50,1998,"HUMAN_OBSERVATION","CONTINENT_DERIVED_FROM_COORDINATES"
140.81084,-28.483,"Swainsona phacoides",1085532174,"","AUS",250,1988,"HUMAN_OBSERVATION","CONTINENT_DERIVED_FROM_COORDINATES"
137.53352,-29.16272,"Swainsona phacoides",1085356227,"","AUS",50,2000,"HUMAN_OBSERVATION","CONTINENT_DERIVED_FROM_COORDINATES"
137.96663,-27.18964,"Swainsona phacoides",1084113334,"Munga-Thirri?Simpson Desert (NP)","AUS",50,2007,"HUMAN_OBSERVATION","CONTINENT_DERIVED_FROM_COORDINATES"
134.01489,-25.40419,"Swainsona phacoides",1633250926,"","AUS",NA,2001,"HUMAN_OBSERVATION","CONTINENT_DERIVED_FROM_COORDINATES"
133.829219,-24.516532,"Swainsona phacoides",1633462718,"Gumtree bore","AUS",NA,2001,"HUMAN_OBSERVATION","CONTINENT_DERIVED_FROM_COORDINATES"
132.639271,-25.925258,"Swainsona phacoides",1633457648,"","AUS",NA,2001,"HUMAN_OBSERVATION","CONTINENT_DERIVED_FROM_COORDINATES"
134.82295,-25.85411,"Swainsona phacoides",1633252531,"","AUS",NA,2001,"HUMAN_OBSERVATION","CONTINENT_DERIVED_FROM_COORDINATES"
147.320236,-29.806091,"Swainsona phacoides",1452248214,"locality withheld","AUS",10,2015,"HUMAN_OBSERVATION","COORDINATE_ROUNDED;CONTINENT_DERIVED_FROM_COORDINATES"
142.415442,-32.337098,"Swainsona phacoides",1451707143,"locality withheld","AUS",50,2007,"PRESERVED_SPECIMEN","COORDINATE_ROUNDED;CONTINENT_DERIVED_FROM_COORDINATES;INSTITUTION_MATCH_NONE"
141.087913,-29.141916,"Swainsona phacoides",3891927529,"locality withheld","AUS",10,2021,"HUMAN_OBSERVATION","COORDINATE_ROUNDED;CONTINENT_DERIVED_FROM_COORDINATES"
141.996125,-34.146102,"Swainsona phacoides",3902718307,"","AUS",979,2022,"HUMAN_OBSERVATION","COORDINATE_ROUNDED;CONTINENT_DERIVED_FROM_COORDINATES"
149.723886,-31.030955,"Swainsona phacoides",1935547575,"locality withheld","AUS",10,2003,"PRESERVED_SPECIMEN","COORDINATE_ROUNDED;CONTINENT_DERIVED_FROM_COORDINATES;INSTITUTION_MATCH_NONE"
141.031548,-29.195752,"Swainsona phacoides",3891831559,"locality withheld","AUS",10,2021,"HUMAN_OBSERVATION","COORDINATE_ROUNDED;CONTINENT_DERIVED_FROM_COORDINATES"
142.3179,-34.6985,"Swainsona phacoides",3129451061,"","AUS",100,1986,"HUMAN_OBSERVATION","COORDINATE_ROUNDED;CONTINENT_DERIVED_FROM_COORDINATES"
142.2179,-34.2485,"Swainsona phacoides",3130530854,"","AUS",400,1993,"HUMAN_OBSERVATION","COORDINATE_ROUNDED;CONTINENT_DERIVED_FROM_COORDINATES"
146.409607,-35.74316,"Swainsona phacoides",1074765540,"locality withheld","AUS",100,2000,"HUMAN_OBSERVATION","COORDINATE_ROUNDED;CONTINENT_DERIVED_FROM_COORDINATES"
147.228176,-29.054238,"Swainsona phacoides",1072572134,"locality withheld","AUS",100,1990,"HUMAN_OBSERVATION","COORDINATE_ROUNDED;CONTINENT_DERIVED_FROM_COORDINATES"
136.83846,-27.60054,"Swainsona phacoides",1084068304,"","AUS",50,2006,"HUMAN_OBSERVATION","CONTINENT_DERIVED_FROM_COORDINATES"
135.5312,-29.76864,"Swainsona phacoides",2518377227,"","AUS",50,2011,"HUMAN_OBSERVATION","CONTINENT_DERIVED_FROM_COORDINATES"
136.69946,-27.74579,"Swainsona phacoides",1085276840,"","AUS",250,1996,"PRESERVED_SPECIMEN","CONTINENT_DERIVED_FROM_COORDINATES"
140.80251,-29.58143,"Swainsona phacoides",1085407314,"","AUS",50,1992,"HUMAN_OBSERVATION","CONTINENT_DERIVED_FROM_COORDINATES"
137.86972,-27.82516,"Swainsona phacoides",1085356955,"","AUS",50,2000,"HUMAN_OBSERVATION","CONTINENT_DERIVED_FROM_COORDINATES"
137.70821,-26.5174,"Swainsona phacoides",1085306604,"Munga-Thirri?Simpson Desert (NP)","AUS",50,1998,"HUMAN_OBSERVATION","CONTINENT_DERIVED_FROM_COORDINATES"
144.031984,-31.4668,"Swainsona phacoides",3858061394,"locality withheld","AUS",10,2005,"HUMAN_OBSERVATION","COORDINATE_ROUNDED;CONTINENT_DERIVED_FROM_COORDINATES"
141.193492,-30.459606,"Swainsona phacoides",1451699804,"locality withheld","AUS",15,2003,"PRESERVED_SPECIMEN","COORDINATE_ROUNDED;CONTINENT_DERIVED_FROM_COORDINATES;INSTITUTION_MATCH_NONE"
143.671174,-35.310071,"Swainsona phacoides",1069896721,"locality withheld","AUS",500,2006,"HUMAN_OBSERVATION","COORDINATE_ROUNDED;CONTINENT_DERIVED_FROM_COORDINATES"
144.144817,-28.083741,"Swainsona phacoides",2418662189,"Lake Bindegolly National Park, W side, 2 km N Bulloo Development Road.","AUS",100,1998,"PRESERVED_SPECIMEN","COORDINATE_ROUNDED;CONTINENT_DERIVED_FROM_COORDINATES;INSTITUTION_MATCH_FUZZY;COLLECTION_MATCH_NONE"
139.092895,-24.80683,"Swainsona phacoides",2418445581,"Glengyle.","AUS",2000,1953,"PRESERVED_SPECIMEN","COORDINATE_ROUNDED;CONTINENT_DERIVED_FROM_COORDINATES;INSTITUTION_MATCH_FUZZY;COLLECTION_MATCH_NONE"
148.785,-26.516667,"Swainsona phacoides",2418578629,"Carnarvon Developmental Road, between Roma and Injune at Burtons Road intersection.","AUS",100,2007,"PRESERVED_SPECIMEN","CONTINENT_DERIVED_FROM_COORDINATES;INSTITUTION_MATCH_FUZZY;COLLECTION_MATCH_NONE"
151.342734,-23.790088,"Swainsona phacoides",2418598913,"Facing Island, 11km northeast of Gladstone.","AUS",2000,1993,"PRESERVED_SPECIMEN","COORDINATE_ROUNDED;CONTINENT_DERIVED_FROM_COORDINATES;INSTITUTION_MATCH_FUZZY;COLLECTION_MATCH_NONE"
138.109583,-25.873505,"Swainsona phacoides",2418668400,"122km W of Birdsville on track to Poeppel Corner, Simpson Desert National Park.","AUS",2000,1998,"PRESERVED_SPECIMEN","COORDINATE_ROUNDED;CONTINENT_DERIVED_FROM_COORDINATES;INSTITUTION_MATCH_FUZZY;COLLECTION_MATCH_NONE"
145.542853,-28.12345,"Swainsona phacoides",2418575558,"Warlus III, near site D209, 4.5km SSE of 'Kahmoo'.","AUS",2000,1976,"PRESERVED_SPECIMEN","COORDINATE_ROUNDED;CONTINENT_DERIVED_FROM_COORDINATES;INSTITUTION_MATCH_FUZZY;COLLECTION_MATCH_NONE"
135.826276,-25.90686,"Swainsona phacoides",4017032225,"20km S of McDills No. 1 Bore, Simpson Desert.","AUS",2000,1987,"PRESERVED_SPECIMEN","COORDINATE_ROUNDED;CONTINENT_DERIVED_FROM_COORDINATES;INSTITUTION_MATCH_FUZZY;COLLECTION_MATCH_NONE"
138.454303,-25.155757,"Swainsona phacoides",2418814495,"'Adria Downs'.","AUS",100,2009,"PRESERVED_SPECIMEN","COORDINATE_ROUNDED;CONTINENT_DERIVED_FROM_COORDINATES;INSTITUTION_MATCH_FUZZY;COLLECTION_MATCH_NONE"
144.242879,-28.756797,"Swainsona phacoides",2418980934,"Southern end of Lake Wyara, Currawinya National Park, NW of Hungerford.","AUS",2000,1991,"PRESERVED_SPECIMEN","COORDINATE_ROUNDED;CONTINENT_DERIVED_FROM_COORDINATES;INSTITUTION_MATCH_FUZZY;COLLECTION_MATCH_NONE"
150.709429,-26.690087,"Swainsona phacoides",2418561606,"Riverside via Chinchilla.","AUS",2000,1978,"PRESERVED_SPECIMEN","COORDINATE_ROUNDED;CONTINENT_DERIVED_FROM_COORDINATES;INSTITUTION_MATCH_FUZZY;COLLECTION_MATCH_NONE"
140.809587,-28.990161,"Swainsona phacoides",4016956631,"c 5km W of 'Ballards Lagoon' W of Cameron Corner.","AUS",2000,1981,"PRESERVED_SPECIMEN","COORDINATE_ROUNDED;CONTINENT_DERIVED_FROM_COORDINATES;INSTITUTION_MATCH_FUZZY;COLLECTION_MATCH_NONE"
146.292846,-28.390114,"Swainsona phacoides",2418929500,"Warlus III, Site D 220. 7km W of 'Avondale'.","AUS",2000,1976,"PRESERVED_SPECIMEN","COORDINATE_ROUNDED;CONTINENT_DERIVED_FROM_COORDINATES;INSTITUTION_MATCH_FUZZY;COLLECTION_MATCH_NONE"
141.08498,-30.32912,"Swainsona phacoides",1452793800,"locality withheld","AUS",10,2014,"HUMAN_OBSERVATION","COORDINATE_ROUNDED;CONTINENT_DERIVED_FROM_COORDINATES"
149.309648,-29.81043,"Swainsona phacoides",1069524439,"locality withheld","AUS",100,1986,"HUMAN_OBSERVATION","COORDINATE_ROUNDED;CONTINENT_DERIVED_FROM_COORDINATES"
143.936352,-31.531444,"Swainsona phacoides",3858073702,"locality withheld","AUS",10,2005,"HUMAN_OBSERVATION","COORDINATE_ROUNDED;CONTINENT_DERIVED_FROM_COORDINATES"
149.261494,-28.829387,"Swainsona phacoides",1074172128,"locality withheld","AUS",100,2005,"HUMAN_OBSERVATION","COORDINATE_ROUNDED;CONTINENT_DERIVED_FROM_COORDINATES"
136.183333,-28.9,"Swainsona phacoides",2829511306,"Region 2. 2 km E of Anna Creek HS, 15 km W of William Creek.","AUS",1000,1984,"PRESERVED_SPECIMEN","CONTINENT_DERIVED_FROM_COORDINATES;INSTITUTION_MATCH_FUZZY;COLLECTION_MATCH_FUZZY"
133.391944,-24.596111,"Swainsona phacoides",2830635736,"S side of Gloaming track, 18.1 km SSE of homestead, Henbury Station. IBRA: FIN.","AUS",250,2013,"PRESERVED_SPECIMEN","CONTINENT_DERIVED_FROM_COORDINATES;INSTITUTION_MATCH_FUZZY;COLLECTION_MATCH_FUZZY"
145.083333,-32.116667,"Swainsona phacoides",2830346645,"Byrnedale, 27 miles NW of Menindee.","AUS",5000,1968,"PRESERVED_SPECIMEN","CONTINENT_DERIVED_FROM_COORDINATES;INSTITUTION_MATCH_FUZZY;COLLECTION_MATCH_FUZZY"
144.733333,-30.833333,"Swainsona phacoides",2830323525,"Yathonga, at woolshed, 47km SW of Louth.","AUS",NA,1990,"PRESERVED_SPECIMEN","CONTINENT_DERIVED_FROM_COORDINATES;INSTITUTION_MATCH_FUZZY;COLLECTION_MATCH_FUZZY"
136.033333,-28.933333,"Swainsona phacoides",2830597338,"Region 2. 30 km W of William Creek on the Coober Pedy road.","AUS",1000,1984,"PRESERVED_SPECIMEN","CONTINENT_DERIVED_FROM_COORDINATES;INSTITUTION_MATCH_FUZZY;COLLECTION_MATCH_FUZZY"
142.766667,-30.25,"Swainsona phacoides",2827669465,"Yancannia. (7437).","AUS",2000,1976,"PRESERVED_SPECIMEN","CONTINENT_DERIVED_FROM_COORDINATES;INSTITUTION_MATCH_FUZZY;COLLECTION_MATCH_FUZZY"
144.75,-34.883333,"Swainsona phacoides",2829164027,"45 miles [72 km] N of Deniliquin.","AUS",5000,1964,"PRESERVED_SPECIMEN","CONTINENT_DERIVED_FROM_COORDINATES;INSTITUTION_MATCH_FUZZY;COLLECTION_MATCH_FUZZY"
139.433333,-32.533333,"Swainsona phacoides",2830763748,"10 km NW of Curnamona towards Erudina homestead, S. of Lake Frome; 83 km ESE of Wilpena PO.","AUS",8000,1973,"PRESERVED_SPECIMEN","CONTINENT_DERIVED_FROM_COORDINATES;INSTITUTION_MATCH_FUZZY;COLLECTION_MATCH_FUZZY"
138.615278,-30.204722,"Swainsona phacoides",2827832417,"10 miles [16.1 km] E of Mundy Creek, near turn off to Lorna Doone Station.","AUS",3000,1968,"PRESERVED_SPECIMEN","CONTINENT_DERIVED_FROM_COORDINATES;INSTITUTION_MATCH_FUZZY;COLLECTION_MATCH_FUZZY"
142.283889,-31.241389,"Swainsona phacoides",2828630287,"50 m south of the gate to Mutawintji Historic Homestead, 20 east of road.","AUS",50,2010,"PRESERVED_SPECIMEN","CONTINENT_DERIVED_FROM_COORDINATES;INSTITUTION_MATCH_FUZZY;COLLECTION_MATCH_FUZZY"
133.35,-22.633333,"Swainsona phacoides",2830552824,"Aileron Lagoon, 84 km N. Alice Springs.","AUS",1000,1958,"PRESERVED_SPECIMEN","CONTINENT_DERIVED_FROM_COORDINATES;INSTITUTION_MATCH_FUZZY;COLLECTION_MATCH_FUZZY"
145.583333,-32.633333,"Swainsona phacoides",2829306983,"Yathong NR [Nature Reserve], via Mt. Hope.","AUS",3000,1982,"PRESERVED_SPECIMEN","CONTINENT_DERIVED_FROM_COORDINATES;INSTITUTION_MATCH_FUZZY;COLLECTION_MATCH_FUZZY"
133.9,-23.9,"Swainsona phacoides",2829278280,"15 miles S of Alice Springs on Deep Water [Well] Road.","AUS",1000,1974,"PRESERVED_SPECIMEN","CONTINENT_DERIVED_FROM_COORDINATES;INSTITUTION_MATCH_FUZZY;COLLECTION_MATCH_FUZZY"
146.533333,-32.266667,"Swainsona phacoides",2828840188,"Murrumbry [Murrunbong], 21 miles SE of Nymagee.","AUS",2000,1973,"PRESERVED_SPECIMEN","CONTINENT_DERIVED_FROM_COORDINATES;INSTITUTION_MATCH_FUZZY;COLLECTION_MATCH_FUZZY"
142.3,-32.45,"Swainsona phacoides",2830629327,"S. of Lake Cawndilla, 13 km WSW of Menindee.","AUS",2000,1973,"PRESERVED_SPECIMEN","CONTINENT_DERIVED_FROM_COORDINATES;INSTITUTION_MATCH_FUZZY;COLLECTION_MATCH_FUZZY"
136.816667,-31.2,"Swainsona phacoides",2830088517,"Woomera.","AUS",1000,1955,"PRESERVED_SPECIMEN","CONTINENT_DERIVED_FROM_COORDINATES;INSTITUTION_MATCH_FUZZY;COLLECTION_MATCH_FUZZY"
137.23824,-27.64163,"Swainsona phacoides",1084088132,"","AUS",50,2006,"HUMAN_OBSERVATION","CONTINENT_DERIVED_FROM_COORDINATES"
138.26886,-27.82219,"Swainsona phacoides",1085356982,"","AUS",50,2000,"HUMAN_OBSERVATION","CONTINENT_DERIVED_FROM_COORDINATES"
139.79283,-30.18005,"Swainsona phacoides",1085240994,"","AUS",50,1996,"HUMAN_OBSERVATION","CONTINENT_DERIVED_FROM_COORDINATES"
140.70553,-27.83367,"Swainsona phacoides",2874068143,"Innamincka (RR)","AUS",250,2019,"PRESERVED_SPECIMEN","CONTINENT_DERIVED_FROM_COORDINATES"
139.48426,-30.1847,"Swainsona phacoides",1085596858,"","AUS",NA,1988,"HUMAN_OBSERVATION","CONTINENT_DERIVED_FROM_COORDINATES"
140.5888,-27.60552,"Swainsona phacoides",1085423330,"Innamincka (RR)","AUS",50,1992,"HUMAN_OBSERVATION","CONTINENT_DERIVED_FROM_COORDINATES"
137.34207,-30.73726,"Swainsona phacoides",1085282781,"","AUS",500,1996,"HUMAN_OBSERVATION","CONTINENT_DERIVED_FROM_COORDINATES"
137.7982,-27.90717,"Swainsona phacoides",1085356603,"","AUS",50,2000,"HUMAN_OBSERVATION","CONTINENT_DERIVED_FROM_COORDINATES"
136.69783,-27.56031,"Swainsona phacoides",1084067557,"","AUS",50,2006,"HUMAN_OBSERVATION","CONTINENT_DERIVED_FROM_COORDINATES"
139.7626,-29.55596,"Swainsona phacoides",1085476752,"","AUS",50,1990,"HUMAN_OBSERVATION","CONTINENT_DERIVED_FROM_COORDINATES"
139.94332,-29.54669,"Swainsona phacoides",1085420408,"","AUS",50,1992,"HUMAN_OBSERVATION","CONTINENT_DERIVED_FROM_COORDINATES"
137.69727,-27.12998,"Swainsona phacoides",1084112052,"Munga-Thirri?Simpson Desert (NP)","AUS",50,2007,"HUMAN_OBSERVATION","CONTINENT_DERIVED_FROM_COORDINATES"
139.6027,-30.35758,"Swainsona phacoides",1085241119,"","AUS",50,1996,"HUMAN_OBSERVATION","CONTINENT_DERIVED_FROM_COORDINATES"
136.23379,-32.25051,"Swainsona phacoides",1085249807,"","AUS",5,1985,"PRESERVED_SPECIMEN","CONTINENT_DERIVED_FROM_COORDINATES"
138.14937,-27.86824,"Swainsona phacoides",1084232777,"","AUS",50,2009,"HUMAN_OBSERVATION","CONTINENT_DERIVED_FROM_COORDINATES"
140.19326,-32.07472,"Swainsona phacoides",1085241767,"Bimbowrie (CP)","AUS",50,1996,"HUMAN_OBSERVATION","CONTINENT_DERIVED_FROM_COORDINATES"
142.75905,-32.467373,"Swainsona phacoides",1451585067,"locality withheld","AUS",50,2000,"PRESERVED_SPECIMEN","COORDINATE_ROUNDED;CONTINENT_DERIVED_FROM_COORDINATES;INSTITUTION_MATCH_NONE"
136.266667,-28.266667,"Swainsona phacoides",2830631360,"Region 2: 7 km W of William Creek, McAlpines Bore Anna Creek Station.","AUS",1000,1984,"PRESERVED_SPECIMEN","CONTINENT_DERIVED_FROM_COORDINATES;INSTITUTION_MATCH_FUZZY;COLLECTION_MATCH_FUZZY"
140.828333,-30.814722,"Swainsona phacoides",2830743241,"Lake Frome North East. Near Rotten Swamp, c. 15 km north-west of Quinyambie Homestead.","AUS",5000,1971,"PRESERVED_SPECIMEN","CONTINENT_DERIVED_FROM_COORDINATES;INSTITUTION_MATCH_FUZZY;COLLECTION_MATCH_FUZZY"
148.633333,-29.166667,"Swainsona phacoides",2829502304,"Moonie Creek [River] on Collarenebri - Mangundi Road. (8639).","AUS",1000,1975,"PRESERVED_SPECIMEN","CONTINENT_DERIVED_FROM_COORDINATES;INSTITUTION_MATCH_FUZZY;COLLECTION_MATCH_FUZZY"
148.583333,-28.05,"Swainsona phacoides",2830505094,"St. George airport, 2.5 km from Post Office.","AUS",5000,1983,"PRESERVED_SPECIMEN","CONTINENT_DERIVED_FROM_COORDINATES;INSTITUTION_MATCH_FUZZY;COLLECTION_MATCH_FUZZY"
139.266111,-32.668611,"Swainsona phacoides",2830690379,"Orroroo - Paratoo Road, about 10 km W of junction with Barrier Highway.","AUS",50,2015,"PRESERVED_SPECIMEN","CONTINENT_DERIVED_FROM_COORDINATES;INSTITUTION_MATCH_FUZZY;COLLECTION_MATCH_FUZZY"
142.033333,-29.416667,"Swainsona phacoides",2830160473,"4 km S of Tibooburra.","AUS",5000,1974,"PRESERVED_SPECIMEN","CONTINENT_DERIVED_FROM_COORDINATES;INSTITUTION_MATCH_FUZZY;COLLECTION_MATCH_FUZZY"
142.833333,-30.05,"Swainsona phacoides",2828271894,"Tero Creek Station.","AUS",3000,1964,"PRESERVED_SPECIMEN","CONTINENT_DERIVED_FROM_COORDINATES;INSTITUTION_MATCH_FUZZY;COLLECTION_MATCH_FUZZY"
137.183333,-23.766667,"Swainsona phacoides",2828721079,"Lake Caroline.","AUS",3000,1986,"PRESERVED_SPECIMEN","CONTINENT_DERIVED_FROM_COORDINATES;INSTITUTION_MATCH_FUZZY;COLLECTION_MATCH_FUZZY"
136.383333,-31.133333,"Swainsona phacoides",2829870567,"Lake Hart.","AUS",NA,1965,"PRESERVED_SPECIMEN","CONTINENT_DERIVED_FROM_COORDINATES;INSTITUTION_MATCH_FUZZY;COLLECTION_MATCH_FUZZY"
136.666667,-24.183333,"Swainsona phacoides",2830590765,"Approx. 20 km SW of No. 9 Bore, Atula Station.","AUS",3000,1986,"PRESERVED_SPECIMEN","CONTINENT_DERIVED_FROM_COORDINATES;INSTITUTION_MATCH_FUZZY;COLLECTION_MATCH_FUZZY"
133.9,-21.5,"Swainsona phacoides",2829558240,"2 miles [3.22 km] NNE of Barrow Creek Township.","AUS",2000,1956,"PRESERVED_SPECIMEN","CONTINENT_DERIVED_FROM_COORDINATES;INSTITUTION_MATCH_FUZZY;COLLECTION_MATCH_FUZZY"
146.85,-29.983333,"Swainsona phacoides",2827609897,"Entrance to Brewarrina Golf Club 3 km S of Brewarrina on TarcoonRoad.","AUS",NA,1988,"PRESERVED_SPECIMEN","CONTINENT_DERIVED_FROM_COORDINATES;INSTITUTION_MATCH_FUZZY;COLLECTION_MATCH_FUZZY"
138.583333,-31.333333,"Swainsona phacoides",2828334381,"Moralana Station.","AUS",3000,1984,"PRESERVED_SPECIMEN","CONTINENT_DERIVED_FROM_COORDINATES;INSTITUTION_MATCH_FUZZY;COLLECTION_MATCH_FUZZY"
142.566667,-32.466667,"Swainsona phacoides",2830658375,"Amphi Sandhills, 13 km SE of Menindee towards Ivanhoe.","AUS",NA,1973,"PRESERVED_SPECIMEN","CONTINENT_DERIVED_FROM_COORDINATES;INSTITUTION_MATCH_FUZZY;COLLECTION_MATCH_FUZZY"
145.7,-35.416667,"Swainsona phacoides",2830687765,"4 miles [6.44 km] from Jerilderie on South Coree Road,","AUS",3000,1965,"PRESERVED_SPECIMEN","CONTINENT_DERIVED_FROM_COORDINATES;INSTITUTION_MATCH_FUZZY;COLLECTION_MATCH_FUZZY"
142.27866,-31.114585,"Swainsona phacoides",1072948890,"locality withheld","AUS",100,2003,"HUMAN_OBSERVATION","COORDINATE_ROUNDED;CONTINENT_DERIVED_FROM_COORDINATES"
135.742983,-28.073536,"Swainsona phacoides",4016949328,"Near Edward Creek c 15km WSW of Mt. Kingston.","AUS",2000,1986,"PRESERVED_SPECIMEN","COORDINATE_ROUNDED;CONTINENT_DERIVED_FROM_COORDINATES;INSTITUTION_MATCH_FUZZY;COLLECTION_MATCH_NONE"
146.479098,-34.973056,"Swainsona phacoides",2860977570,"","AUS",NA,2013,"PRESERVED_SPECIMEN","COORDINATE_ROUNDED;AMBIGUOUS_INSTITUTION"
140.52559,-29.41517,"Swainsona phacoides",2860988612,"","AUS",50,2016,"PRESERVED_SPECIMEN","COORDINATE_ROUNDED;AMBIGUOUS_INSTITUTION"
141.945045,-33.829651,"Swainsona phacoides",3909548307,"7.5 km west of Ellerslie on west side of Darling River.","AUS",1000,2020,"PRESERVED_SPECIMEN","COORDINATE_ROUNDED;INSTITUTION_MATCH_FUZZY;COLLECTION_MATCH_FUZZY"
141.411667,-32.032778,"Swainsona phacoides",2437671832,"Kelly's Creek, ~10 km S of Broken Hill.","AUS",1000,2008,"PRESERVED_SPECIMEN","COORDINATE_ROUNDED;INSTITUTION_MATCH_FUZZY;COLLECTION_MATCH_FUZZY"
142.3072,-33.0547,"Swainsona phacoides",2436891758,"W side of Pohlia Rd (just S of Whurlie Station), 61.1 km NW of Pooncarie.","AUS",1000,2000,"PRESERVED_SPECIMEN","INSTITUTION_MATCH_FUZZY;COLLECTION_MATCH_FUZZY"
147.362565,-29.032354,"Swainsona phacoides",3070184335,"locality withheld","AUS",10,2015,"HUMAN_OBSERVATION","COORDINATE_ROUNDED;CONTINENT_DERIVED_FROM_COORDINATES"
143.829867,-35.006912,"Swainsona phacoides",1069747517,"locality withheld","AUS",100,2001,"HUMAN_OBSERVATION","COORDINATE_ROUNDED;CONTINENT_DERIVED_FROM_COORDINATES"
141.865833,-29.058889,"Swainsona phacoides",3748811961,"locality withheld","AUS",3,2020,"PRESERVED_SPECIMEN","COORDINATE_ROUNDED;CONTINENT_DERIVED_FROM_COORDINATES;INSTITUTION_MATCH_NONE"
145.683333,-28.066667,"Swainsona phacoides",2827200283,"S.Oestrus Paddock, Gilruth Plains, Cunnamulla","AUS",NA,1955,"PRESERVED_SPECIMEN","CONTINENT_DERIVED_FROM_COORDINATES;INSTITUTION_MATCH_FUZZY;COLLECTION_MATCH_FUZZY"
142.383333,-33.183333,"Swainsona phacoides",2827138181,"32 km N of Pooncarie, on Menindee Rd","AUS",NA,1963,"PRESERVED_SPECIMEN","CONTINENT_DERIVED_FROM_COORDINATES;INSTITUTION_MATCH_FUZZY;COLLECTION_MATCH_FUZZY"
143.483333,-31.6,"Swainsona phacoides",2827268436,"12.8 km E of Wilcannia","AUS",NA,1963,"PRESERVED_SPECIMEN","CONTINENT_DERIVED_FROM_COORDINATES;INSTITUTION_MATCH_FUZZY;COLLECTION_MATCH_FUZZY"
131.6,-24.283333,"Swainsona phacoides",2827242305,"George Gill Range, Reedy Creek","AUS",NA,1962,"PRESERVED_SPECIMEN","CONTINENT_DERIVED_FROM_COORDINATES;INSTITUTION_MATCH_FUZZY;COLLECTION_MATCH_FUZZY"
144.5258,-36.1205,"Swainsona phacoides",3130825422,"","AUS",5,2013,"HUMAN_OBSERVATION","COORDINATE_ROUNDED;CONTINENT_DERIVED_FROM_COORDINATES"
138.28871,-27.86453,"Swainsona phacoides",1085357143,"","AUS",50,2000,"HUMAN_OBSERVATION","CONTINENT_DERIVED_FROM_COORDINATES"
137.59532,-26.03631,"Swainsona phacoides",1085307356,"Munga-Thirri?Simpson Desert (NP)","AUS",100,1998,"HUMAN_OBSERVATION","CONTINENT_DERIVED_FROM_COORDINATES"
139.33596,-30.14094,"Swainsona phacoides",1085145048,"","AUS",NA,1988,"HUMAN_OBSERVATION","CONTINENT_DERIVED_FROM_COORDINATES"
131.04576,-27.2963,"Swainsona phacoides",1084284651,"","AUS",100,1997,"PRESERVED_SPECIMEN","CONTINENT_DERIVED_FROM_COORDINATES"
138.59399,-31.01925,"Swainsona phacoides",1085124645,"","AUS",NA,1987,"HUMAN_OBSERVATION","CONTINENT_DERIVED_FROM_COORDINATES"
146.940403,-29.162805,"Swainsona phacoides",3070247423,"locality withheld","AUS",10,2015,"HUMAN_OBSERVATION","COORDINATE_ROUNDED;CONTINENT_DERIVED_FROM_COORDINATES"
134.3017,-30.0172,"Swainsona phacoides",2829445835,"16 km SE of Homestead, Commonwealth Hill Station.","AUS",50,1995,"PRESERVED_SPECIMEN","CONTINENT_DERIVED_FROM_COORDINATES;INSTITUTION_MATCH_FUZZY;COLLECTION_MATCH_FUZZY"
141.4256,-31.8036,"Swainsona phacoides",2827900511,"11 miles (17.7 km) N of 'Bronghams Gate' homestead, NNW of Broken Hill.","AUS",1000,1971,"PRESERVED_SPECIMEN","COORDINATE_ROUNDED;CONTINENT_DERIVED_FROM_COORDINATES;INSTITUTION_MATCH_FUZZY;COLLECTION_MATCH_FUZZY"
134.9417,-23.0417,"Swainsona phacoides",2829607915,"5 km S of Harts Range Police Station.","AUS",50,1993,"PRESERVED_SPECIMEN","CONTINENT_DERIVED_FROM_COORDINATES;INSTITUTION_MATCH_FUZZY;COLLECTION_MATCH_FUZZY"
142.08,-30.12,"Swainsona phacoides",2827552986,"near W extremity of The Salt Lake (45 km SSE of Milparinka).","AUS",NA,1971,"PRESERVED_SPECIMEN","CONTINENT_DERIVED_FROM_COORDINATES;INSTITUTION_MATCH_FUZZY;COLLECTION_MATCH_FUZZY"
144,-35.08,"Swainsona phacoides",2827378664,"Mooloomoo, c. 10 km W of Moulamein.","AUS",2000,1983,"PRESERVED_SPECIMEN","CONTINENT_DERIVED_FROM_COORDINATES;INSTITUTION_MATCH_FUZZY;COLLECTION_MATCH_FUZZY"
142.5206,-32.2914,"Swainsona phacoides",2828120198,"SW shore of Tandure Lake, on property of Haythorpe. Site: Tandure 1.","AUS",NA,2000,"PRESERVED_SPECIMEN","COORDINATE_ROUNDED;CONTINENT_DERIVED_FROM_COORDINATES;INSTITUTION_MATCH_FUZZY;COLLECTION_MATCH_FUZZY"
140.0073,-29.336,"Swainsona phacoides",1085421258,"","AUS",50,1992,"HUMAN_OBSERVATION","CONTINENT_DERIVED_FROM_COORDINATES"
140.83862,-28.43022,"Swainsona phacoides",1085532557,"Innamincka (RR)","AUS",250,1988,"HUMAN_OBSERVATION","CONTINENT_DERIVED_FROM_COORDINATES"
136.893844,-30.194271,"Swainsona phacoides",2827814996,"1 km NW of Mattaweara Lagoon. Stuart Creek Station","AUS",1000,1989,"PRESERVED_SPECIMEN","COORDINATE_ROUNDED;CONTINENT_DERIVED_FROM_COORDINATES;INSTITUTION_MATCH_FUZZY;COLLECTION_MATCH_FUZZY"
131.498611,-26.240278,"Swainsona phacoides",2829840222,"Western Musgrave Ranges, Jacky Pass, 0.6 km S along track from vegetation quadrat YUR00401. - APY Lands. [12.7 km direct NNE of Yurangka]","AUS",150,1998,"PRESERVED_SPECIMEN","COORDINATE_ROUNDED;CONTINENT_DERIVED_FROM_COORDINATES;INSTITUTION_MATCH_FUZZY;COLLECTION_MATCH_FUZZY"
140.786944,-32.51,"Swainsona phacoides",2828693566,"15.1 km W of Muturoo, 1.1 km east of Duffields. [3.7 km direct SSE of Duffields]","AUS",1000,1991,"PRESERVED_SPECIMEN","COORDINATE_ROUNDED;CONTINENT_DERIVED_FROM_COORDINATES;INSTITUTION_MATCH_FUZZY;COLLECTION_MATCH_FUZZY"
136.956838,-30.790417,"Swainsona phacoides",2829612452,"24.3 km direct WSW of Andamooka homestead (bearing 246°), on Andamooka Station Road, and 4.3 km direct E of its junction with Olympic Dam Highway. Andamooka Station, Andamooka South Paddock. (site C86)","AUS",150,2016,"PRESERVED_SPECIMEN","CONTINENT_DERIVED_FROM_COORDINATES;INSTITUTION_MATCH_FUZZY;COLLECTION_MATCH_FUZZY"
134.933333,-26.466667,"Swainsona phacoides",2828619006,"Ross Creek flat. S of Eringa","AUS",1000,1966,"PRESERVED_SPECIMEN","CONTINENT_DERIVED_FROM_COORDINATES;INSTITUTION_MATCH_FUZZY;COLLECTION_MATCH_FUZZY"
139.34,-30.685556,"Swainsona phacoides",2828098720,"Wertaloona Pastoral Lease. Approximately 10 km S of Homestead on the Balcanoona to Yunta road, on W side of road","AUS",15,2010,"PRESERVED_SPECIMEN","COORDINATE_ROUNDED;CONTINENT_DERIVED_FROM_COORDINATES;INSTITUTION_MATCH_FUZZY;COLLECTION_MATCH_FUZZY"
138.543235,-25.146191,"Swainsona phacoides",2827817334,"Eastern Simpson Desert","AUS",150,1981,"PRESERVED_SPECIMEN","COORDINATE_ROUNDED;CONTINENT_DERIVED_FROM_COORDINATES;INSTITUTION_MATCH_FUZZY;COLLECTION_MATCH_FUZZY"
135.771599,-26.023708,"Swainsona phacoides",2828427806,"Dakota Bore, 75 km E of M[oun]t Dare H[ome]S[tead]","AUS",1000,1985,"PRESERVED_SPECIMEN","COORDINATE_ROUNDED;CONTINENT_DERIVED_FROM_COORDINATES;INSTITUTION_MATCH_FUZZY;COLLECTION_MATCH_FUZZY"
138.816667,-29.05,"Swainsona phacoides",2830463040,"3 km NE of Cooryanna Dam, Station Dulkaninna","AUS",1000,1992,"PRESERVED_SPECIMEN","CONTINENT_DERIVED_FROM_COORDINATES;INSTITUTION_MATCH_FUZZY;COLLECTION_MATCH_FUZZY"
139.505458,-26.685355,"Swainsona phacoides",2827684516,"Goyder Lagoon. Stock yard at Koonchera Waterhole. Northern end of Koonchera dune","AUS",1000,1975,"PRESERVED_SPECIMEN","COORDINATE_ROUNDED;CONTINENT_DERIVED_FROM_COORDINATES;INSTITUTION_MATCH_FUZZY;COLLECTION_MATCH_FUZZY"
135.901057,-28.082047,"Swainsona phacoides",2828664439,"Near Peake ruins","AUS",1000,1978,"PRESERVED_SPECIMEN","COORDINATE_ROUNDED;CONTINENT_DERIVED_FROM_COORDINATES;INSTITUTION_MATCH_FUZZY;COLLECTION_MATCH_FUZZY"
140.145455,-27.128963,"Swainsona phacoides",2827533942,"Site 7W. 5.3 km N Coongie","AUS",1000,1987,"PRESERVED_SPECIMEN","COORDINATE_ROUNDED;CONTINENT_DERIVED_FROM_COORDINATES;INSTITUTION_MATCH_FUZZY;COLLECTION_MATCH_FUZZY"
140.308889,-28.094444,"Swainsona phacoides",2828530061,"Track E of Moomba","AUS",15,2007,"PRESERVED_SPECIMEN","COORDINATE_ROUNDED;CONTINENT_DERIVED_FROM_COORDINATES;INSTITUTION_MATCH_FUZZY;COLLECTION_MATCH_FUZZY"
140.251011,-27.165352,"Swainsona phacoides",2828125152,"Coongie Lakes, Lake Marbocutchaire","AUS",1000,1987,"PRESERVED_SPECIMEN","COORDINATE_ROUNDED;CONTINENT_DERIVED_FROM_COORDINATES;INSTITUTION_MATCH_FUZZY;COLLECTION_MATCH_FUZZY"
139.567708,-30.148697,"Swainsona phacoides",2830219739,"Creek channels near Pannikin Bore. Wooltana Station","AUS",1000,1987,"PRESERVED_SPECIMEN","COORDINATE_ROUNDED;CONTINENT_DERIVED_FROM_COORDINATES;INSTITUTION_MATCH_FUZZY;COLLECTION_MATCH_FUZZY"
135.159383,-26.298712,"Swainsona phacoides",2830280958,"Witjira National Park. Abminga to Dalhousie track c. 7 km SE by road from Blood Creek bore. Red Mulga Creek area","AUS",1000,1989,"PRESERVED_SPECIMEN","COORDINATE_ROUNDED;CONTINENT_DERIVED_FROM_COORDINATES;INSTITUTION_MATCH_FUZZY;COLLECTION_MATCH_FUZZY"
135.357758,-31.395121,"Swainsona phacoides",2830333568,"Alongside road between Kokatha and Moonaree (before turnoff to Lake Everard)","AUS",150,2009,"PRESERVED_SPECIMEN","COORDINATE_ROUNDED;CONTINENT_DERIVED_FROM_COORDINATES;INSTITUTION_MATCH_FUZZY;COLLECTION_MATCH_FUZZY"
138.780192,-27.184804,"Swainsona phacoides",2830399823,"Birdsville Track. 27 km S Clifton Hills H[ome]s[tead]","AUS",1000,1988,"PRESERVED_SPECIMEN","COORDINATE_ROUNDED;CONTINENT_DERIVED_FROM_COORDINATES;INSTITUTION_MATCH_FUZZY;COLLECTION_MATCH_FUZZY"
138.334387,-30.248706,"Swainsona phacoides",2830137244,"Leigh Creek","AUS",1000,1987,"PRESERVED_SPECIMEN","COORDINATE_ROUNDED;CONTINENT_DERIVED_FROM_COORDINATES;INSTITUTION_MATCH_FUZZY;COLLECTION_MATCH_FUZZY"
135.233333,-26.916667,"Swainsona phacoides",2828993562,"2 km W of H[ome]s[tead]. Mount Sarah Station","AUS",1000,1992,"PRESERVED_SPECIMEN","CONTINENT_DERIVED_FROM_COORDINATES;INSTITUTION_MATCH_FUZZY;COLLECTION_MATCH_FUZZY"
140.009626,-27.388409,"Swainsona phacoides",2829360983,"2 km N of Chillimookoo Waterhole. Cooper Creek NPWS Survey","AUS",1000,1983,"PRESERVED_SPECIMEN","COORDINATE_ROUNDED;CONTINENT_DERIVED_FROM_COORDINATES;INSTITUTION_MATCH_FUZZY;COLLECTION_MATCH_FUZZY"
136.334393,-28.898714,"Swainsona phacoides",2828873378,"1 km N of William Creek near Race Course","AUS",1000,1986,"PRESERVED_SPECIMEN","COORDINATE_ROUNDED;CONTINENT_DERIVED_FROM_COORDINATES;INSTITUTION_MATCH_FUZZY;COLLECTION_MATCH_FUZZY"
137.2625,-32.238889,"Swainsona phacoides",2827573339,"Cariewerloo Station - track to Yudnapinna homestead. Intersection of Hammil Well and track to Hammil Dam","AUS",15,2008,"PRESERVED_SPECIMEN","COORDINATE_ROUNDED;CONTINENT_DERIVED_FROM_COORDINATES;INSTITUTION_MATCH_FUZZY;COLLECTION_MATCH_FUZZY"
138.120556,-25.773056,"Swainsona phacoides",2830291182,"Simpson Desert, Munga-Thirri National Park, about 28 km approximately NE of Poeppel Corner.","AUS",50,2016,"PRESERVED_SPECIMEN","CONTINENT_DERIVED_FROM_COORDINATES;INSTITUTION_MATCH_FUZZY;COLLECTION_MATCH_FUZZY"
140.783333,-34.166667,"Swainsona phacoides",2830690249,"Paringa, near Waikerie.","AUS",1000,1987,"PRESERVED_SPECIMEN","CONTINENT_DERIVED_FROM_COORDINATES;INSTITUTION_MATCH_FUZZY;COLLECTION_MATCH_FUZZY"
135.783333,-24.416667,"Swainsona phacoides",2829436037,"Hale River, about 5 km east of main channels at northern end of residuals.","AUS",3000,1982,"PRESERVED_SPECIMEN","CONTINENT_DERIVED_FROM_COORDINATES;INSTITUTION_MATCH_FUZZY;COLLECTION_MATCH_FUZZY"
142.333333,-32.966667,"Swainsona phacoides",2830569366,"2 km N of Nettley Station on Pooncarie-Menindee road, W side of Darling River.","AUS",1000,1988,"PRESERVED_SPECIMEN","CONTINENT_DERIVED_FROM_COORDINATES;INSTITUTION_MATCH_FUZZY;COLLECTION_MATCH_FUZZY"
144.533333,-30.333333,"Swainsona phacoides",2830180550,"Mt. Mulyah - about 80 km NW of Louth.","AUS",5000,1975,"PRESERVED_SPECIMEN","CONTINENT_DERIVED_FROM_COORDINATES;INSTITUTION_MATCH_FUZZY;COLLECTION_MATCH_FUZZY"
143.116667,-32.666667,"Swainsona phacoides",2827753323,"144 km from Ivanhoe towards Menindee.","AUS",1000,1978,"PRESERVED_SPECIMEN","CONTINENT_DERIVED_FROM_COORDINATES;INSTITUTION_MATCH_FUZZY;COLLECTION_MATCH_FUZZY"
141.213611,-29.087778,"Swainsona phacoides",2827720690,"Fort Grey Camping Ground. Sturt National Park.","AUS",50,2003,"PRESERVED_SPECIMEN","CONTINENT_DERIVED_FROM_COORDINATES;INSTITUTION_MATCH_FUZZY;COLLECTION_MATCH_FUZZY"
144.085,-31.157222,"Swainsona phacoides",3012453333,"West Tilpa Road, near junction with MW494 road, ENE from Wilcannia.","AUS",50,2020,"PRESERVED_SPECIMEN","CONTINENT_DERIVED_FROM_COORDINATES;INSTITUTION_MATCH_FUZZY;COLLECTION_MATCH_FUZZY"
150.3,-27.766667,"Swainsona phacoides",2830510778,"6 miles [10 km] W of Moonie.","AUS",7000,1962,"PRESERVED_SPECIMEN","CONTINENT_DERIVED_FROM_COORDINATES;INSTITUTION_MATCH_FUZZY;COLLECTION_MATCH_FUZZY"
142.38756,-31.20613,"Swainsona phacoides",1072949003,"locality withheld","AUS",100,2003,"HUMAN_OBSERVATION","COORDINATE_ROUNDED;CONTINENT_DERIVED_FROM_COORDINATES"
146.326161,-26.24011,"Swainsona phacoides",2418601624,"Gowrie Station, ca 14 miles NNE of Charleville.","AUS",2000,1952,"PRESERVED_SPECIMEN","COORDINATE_ROUNDED;CONTINENT_DERIVED_FROM_COORDINATES;INSTITUTION_MATCH_FUZZY;COLLECTION_MATCH_NONE"
145.755631,-28.434838,"Swainsona phacoides",2418895534,"Mitchell Highway, 51km S of Cunnamulla.","AUS",100,2004,"PRESERVED_SPECIMEN","COORDINATE_ROUNDED;CONTINENT_DERIVED_FROM_COORDINATES;INSTITUTION_MATCH_FUZZY;COLLECTION_MATCH_NONE"
151.559409,-26.373415,"Swainsona phacoides",2418481190,"Tingoora-Durong Road c 32km W of Tingoora.","AUS",2000,1975,"PRESERVED_SPECIMEN","COORDINATE_ROUNDED;CONTINENT_DERIVED_FROM_COORDINATES;INSTITUTION_MATCH_FUZZY;COLLECTION_MATCH_NONE"
144.209535,-27.973463,"Swainsona phacoides",2418573227,"Thargomindah, Lake Bindegolly NP.","AUS",2000,1995,"PRESERVED_SPECIMEN","COORDINATE_ROUNDED;CONTINENT_DERIVED_FROM_COORDINATES;INSTITUTION_MATCH_FUZZY;COLLECTION_MATCH_NONE"
148.259489,-28.590101,"Swainsona phacoides",2418709435,"ca 3km E of Dirranbandi.","AUS",2000,1973,"PRESERVED_SPECIMEN","COORDINATE_ROUNDED;CONTINENT_DERIVED_FROM_COORDINATES;INSTITUTION_MATCH_FUZZY;COLLECTION_MATCH_NONE"
148.963333,-25.783056,"Swainsona phacoides",2418736493,"Fairview Gas Field, c. 41km NE of Injune, SCQ.","AUS",100,2011,"PRESERVED_SPECIMEN","CONTINENT_DERIVED_FROM_COORDINATES;INSTITUTION_MATCH_FUZZY;COLLECTION_MATCH_NONE"
138.70958,-25.873503,"Swainsona phacoides",2418618275,"20km W of Eyre Creek, Simpson Desert, site 46.","AUS",2000,1988,"PRESERVED_SPECIMEN","COORDINATE_ROUNDED;CONTINENT_DERIVED_FROM_COORDINATES;INSTITUTION_MATCH_FUZZY;COLLECTION_MATCH_NONE"
140.26283,-25.746812,"Swainsona phacoides",2418749128,"Birdsville development road, 11.2km S of Durrie homestead.","AUS",100,2010,"PRESERVED_SPECIMEN","COORDINATE_ROUNDED;CONTINENT_DERIVED_FROM_COORDINATES;INSTITUTION_MATCH_FUZZY;COLLECTION_MATCH_NONE"
140.5781,-32.10173,"Swainsona phacoides",2445895517,"","AUS",5,2010,"HUMAN_OBSERVATION","CONTINENT_DERIVED_FROM_COORDINATES"
138.88525,-31.34456,"Swainsona phacoides",1085127206,"Bunkers (CR)","AUS",NA,1987,"HUMAN_OBSERVATION","CONTINENT_DERIVED_FROM_COORDINATES"
137.33043,-26.6029,"Swainsona phacoides",1085306817,"Munga-Thirri?Simpson Desert (NP)","AUS",50,1998,"HUMAN_OBSERVATION","CONTINENT_DERIVED_FROM_COORDINATES"
139.05566,-28.38895,"Swainsona phacoides",1085386986,"","AUS",50,2002,"HUMAN_OBSERVATION","CONTINENT_DERIVED_FROM_COORDINATES"
140.66824,-30.95481,"Swainsona phacoides",1085405029,"","AUS",50,1992,"HUMAN_OBSERVATION","CONTINENT_DERIVED_FROM_COORDINATES"
146.507193,-29.750085,"Swainsona phacoides",3070176344,"locality withheld","AUS",10,2015,"HUMAN_OBSERVATION","COORDINATE_ROUNDED;CONTINENT_DERIVED_FROM_COORDINATES"
141.666667,-31.909444,"Swainsona phacoides",2805720935,"locality withheld","AUS",3,2010,"PRESERVED_SPECIMEN","COORDINATE_ROUNDED;CONTINENT_DERIVED_FROM_COORDINATES;INSTITUTION_MATCH_NONE"
145.070091,-30.619446,"Swainsona phacoides",1067095332,"locality withheld","AUS",1000,1966,"HUMAN_OBSERVATION","COORDINATE_ROUNDED;CONTINENT_DERIVED_FROM_COORDINATES"
140.57722,-30.96069,"Swainsona phacoides",1085405651,"","AUS",50,1992,"HUMAN_OBSERVATION","CONTINENT_DERIVED_FROM_COORDINATES"
137.85182,-26.59463,"Swainsona phacoides",1085307175,"Munga-Thirri?Simpson Desert (NP)","AUS",50,1998,"HUMAN_OBSERVATION","CONTINENT_DERIVED_FROM_COORDINATES"
137.63989,-26.29752,"Swainsona phacoides",1084111362,"Munga-Thirri?Simpson Desert (NP)","AUS",100,1997,"HUMAN_OBSERVATION","CONTINENT_DERIVED_FROM_COORDINATES"
139.96973,-27.37888,"Swainsona phacoides",1085529686,"Innamincka (RR)","AUS",250,1983,"PRESERVED_SPECIMEN","CONTINENT_DERIVED_FROM_COORDINATES"
140.08892,-27.6415,"Swainsona phacoides",1085531369,"","AUS",250,1983,"PRESERVED_SPECIMEN","CONTINENT_DERIVED_FROM_COORDINATES"
142.5138,-34.7702,"Swainsona phacoides",1640553928,"","AUS",1.5,1983,"HUMAN_OBSERVATION","COORDINATE_ROUNDED;CONTINENT_DERIVED_FROM_COORDINATES"
145.446219,-30.275001,"Swainsona phacoides",1074357144,"locality withheld","AUS",10,2011,"HUMAN_OBSERVATION","COORDINATE_ROUNDED;CONTINENT_DERIVED_FROM_COORDINATES"
143.5189,-31.5517,"Swainsona phacoides",2827924835,"8 miles [12.9 km] E of Wilcannia.","AUS",500,1963,"PRESERVED_SPECIMEN","COORDINATE_ROUNDED;CONTINENT_DERIVED_FROM_COORDINATES;INSTITUTION_MATCH_FUZZY;COLLECTION_MATCH_FUZZY"
144.9339,-35.1794,"Swainsona phacoides",2829752387,"24 miles [38.6 km] N of Deniliquin.","AUS",1000,1967,"PRESERVED_SPECIMEN","COORDINATE_ROUNDED;CONTINENT_DERIVED_FROM_COORDINATES;INSTITUTION_MATCH_FUZZY;COLLECTION_MATCH_FUZZY"
144.125,-29.9583,"Swainsona phacoides",2828498587,"Momba swamp, 15 km S of Wanaaring, Nocoleche Nature Reserve.","AUS",NA,1988,"PRESERVED_SPECIMEN","CONTINENT_DERIVED_FROM_COORDINATES;INSTITUTION_MATCH_FUZZY;COLLECTION_MATCH_FUZZY"
140.093278,-29.155308,"Swainsona phacoides",1632977555,"Strzelecki Track, Murnpeowie SA 5731, Australia","AUS",50,2016,"HUMAN_OBSERVATION","CONTINENT_DERIVED_FROM_COORDINATES"
142.87,-29.78,"Swainsona phacoides",2829625307,"'Moalie Park'.","AUS",5000,1977,"PRESERVED_SPECIMEN","CONTINENT_DERIVED_FROM_COORDINATES;INSTITUTION_MATCH_FUZZY;COLLECTION_MATCH_FUZZY"
142.97358,-31.58933,"Swainsona phacoides",2829052159,"c. 43 km W of Wilcania on the Barrier Highway.","AUS",100,2010,"PRESERVED_SPECIMEN","COORDINATE_ROUNDED;CONTINENT_DERIVED_FROM_COORDINATES;INSTITUTION_MATCH_FUZZY;COLLECTION_MATCH_FUZZY"
139.1319,-25.8842,"Swainsona phacoides",2434813172,"3km S of Birdsville, via old cement crossing road.","AUS",1000,1995,"PRESERVED_SPECIMEN","INSTITUTION_MATCH_FUZZY;COLLECTION_MATCH_FUZZY"
141.704671,-33.849269,"Swainsona phacoides",3909547358,"West side of Darling Anabranch, ca. 35 km north-north-west of Wentworth.","AUS",1000,2020,"PRESERVED_SPECIMEN","COORDINATE_ROUNDED;INSTITUTION_MATCH_FUZZY;COLLECTION_MATCH_FUZZY"
122.091667,-26.153056,"Swainsona phacoides",2853785545,"Twin Swamp Bore, S of Lake Carnegie","AUS",3000,1973,"PRESERVED_SPECIMEN","COORDINATE_ROUNDED;CONTINENT_DERIVED_FROM_COORDINATES;INSTITUTION_MATCH_FUZZY;COLLECTION_MATCH_FUZZY"
133.867724,-25.898718,"Swainsona phacoides",2829534397,"55 km E of Kulgera","AUS",1000,1985,"PRESERVED_SPECIMEN","COORDINATE_ROUNDED;CONTINENT_DERIVED_FROM_COORDINATES;INSTITUTION_MATCH_FUZZY;COLLECTION_MATCH_FUZZY"
140.084349,-27.68202,"Swainsona phacoides",2829589856,"Gidgealpa Station, dunes abutting Embarka Swamp, W edge fronting onto Lake Marrakoonamooka","AUS",1000,1983,"PRESERVED_SPECIMEN","COORDINATE_ROUNDED;CONTINENT_DERIVED_FROM_COORDINATES;INSTITUTION_MATCH_FUZZY;COLLECTION_MATCH_FUZZY"
141.001017,-28.998684,"Swainsona phacoides",2827384588,"Camerons Corner, SA side","AUS",1000,1988,"PRESERVED_SPECIMEN","COORDINATE_ROUNDED;CONTINENT_DERIVED_FROM_COORDINATES;INSTITUTION_MATCH_FUZZY;COLLECTION_MATCH_FUZZY"
140.905,-27.009722,"Swainsona phacoides",2830261070,"Track S of Marmion Bore, Innamincka Station No NGL proposed!","AUS",15,2008,"PRESERVED_SPECIMEN","COORDINATE_ROUNDED;CONTINENT_DERIVED_FROM_COORDINATES;INSTITUTION_MATCH_FUZZY;COLLECTION_MATCH_FUZZY"
137.067729,-29.832046,"Swainsona phacoides",2828305531,"Emu Lookout. 15 km S of Stuart Creek Homestead","AUS",1000,1989,"PRESERVED_SPECIMEN","COORDINATE_ROUNDED;CONTINENT_DERIVED_FROM_COORDINATES;INSTITUTION_MATCH_FUZZY;COLLECTION_MATCH_FUZZY"
138.334399,-31.532044,"Swainsona phacoides",2830334288,"Moralana Station. Just S of station crossing of Little Bachina Creek","AUS",1000,1989,"PRESERVED_SPECIMEN","COORDINATE_ROUNDED;CONTINENT_DERIVED_FROM_COORDINATES;INSTITUTION_MATCH_FUZZY;COLLECTION_MATCH_FUZZY"
136.666338,-29.268157,"Swainsona phacoides",2830096261,"Beresford Hill","AUS",1000,1978,"PRESERVED_SPECIMEN","COORDINATE_ROUNDED;CONTINENT_DERIVED_FROM_COORDINATES;INSTITUTION_MATCH_FUZZY;COLLECTION_MATCH_FUZZY"
135.066667,-27.066667,"Swainsona phacoides",2829246017,"Moonlands Bore. Station Todmorden","AUS",1000,1992,"PRESERVED_SPECIMEN","CONTINENT_DERIVED_FROM_COORDINATES;INSTITUTION_MATCH_FUZZY;COLLECTION_MATCH_FUZZY"
141.001063,-33.865369,"Swainsona phacoides",2829410423,"Chowilla","AUS",1000,1988,"PRESERVED_SPECIMEN","COORDINATE_ROUNDED;CONTINENT_DERIVED_FROM_COORDINATES;INSTITUTION_MATCH_FUZZY;COLLECTION_MATCH_FUZZY"
140.151012,-27.207018,"Swainsona phacoides",2829697269,"4 km S of Coongie","AUS",1000,1987,"PRESERVED_SPECIMEN","COORDINATE_ROUNDED;CONTINENT_DERIVED_FROM_COORDINATES;INSTITUTION_MATCH_FUZZY;COLLECTION_MATCH_FUZZY"
137.167743,-31.432052,"Swainsona phacoides",2828824450,"Between Lake Torrens and Lake Gairdner. c. 1 km NW of the camp of Mount Gunson Copper Mines, at the W edge of Pernatty Lagoon","AUS",1000,1966,"PRESERVED_SPECIMEN","COORDINATE_ROUNDED;CONTINENT_DERIVED_FROM_COORDINATES;INSTITUTION_MATCH_FUZZY;COLLECTION_MATCH_FUZZY"
139.090833,-30.600833,"Swainsona phacoides",2829443105,"Gammon Ranges National Park. Approximately 600 m W of Peach Tree Creek on the Nepabunna to Balcanoona road, on S side of road","AUS",15,2010,"PRESERVED_SPECIMEN","COORDINATE_ROUNDED;CONTINENT_DERIVED_FROM_COORDINATES;INSTITUTION_MATCH_FUZZY;COLLECTION_MATCH_FUZZY"
139.823259,-29.989806,"Swainsona phacoides",2830060260,"Woolatchi Station. 12.5 km SE of Moolawatana Homestead. Quadrat WO 2I","AUS",1000,1990,"PRESERVED_SPECIMEN","COORDINATE_ROUNDED;CONTINENT_DERIVED_FROM_COORDINATES;INSTITUTION_MATCH_FUZZY;COLLECTION_MATCH_FUZZY"
138.45,-29.183333,"Swainsona phacoides",2829247854,"7 km E of big sandhill on Birdsville Track, S of H[ome]s[tead]. 1 km W of Florence Hill. Station Dulkaninna","AUS",1000,1992,"PRESERVED_SPECIMEN","CONTINENT_DERIVED_FROM_COORDINATES;INSTITUTION_MATCH_FUZZY;COLLECTION_MATCH_FUZZY"
134.383333,-28.15,"Swainsona phacoides",2828186388,"Evelyn Downs. 11 km NW of H[ome]s[tead]","AUS",1000,1993,"PRESERVED_SPECIMEN","CONTINENT_DERIVED_FROM_COORDINATES;INSTITUTION_MATCH_FUZZY;COLLECTION_MATCH_FUZZY"
140.909444,-28.303611,"Swainsona phacoides",2827634975,"Along Bore Track 100.7 km S of Innamincka","AUS",15,2007,"PRESERVED_SPECIMEN","COORDINATE_ROUNDED;CONTINENT_DERIVED_FROM_COORDINATES;INSTITUTION_MATCH_FUZZY;COLLECTION_MATCH_FUZZY"
138.686585,-27.712584,"Swainsona phacoides",2828668292,"Cowarie Station. SE edge of Lake Howitt, c. 5 km W of Mirra Mitta Bore","AUS",150,1997,"PRESERVED_SPECIMEN","COORDINATE_ROUNDED;CONTINENT_DERIVED_FROM_COORDINATES;INSTITUTION_MATCH_FUZZY;COLLECTION_MATCH_FUZZY"
140.484348,-28.082018,"Swainsona phacoides",2828866033,"30 km E of Moomba","AUS",1000,1987,"PRESERVED_SPECIMEN","COORDINATE_ROUNDED;CONTINENT_DERIVED_FROM_COORDINATES;INSTITUTION_MATCH_FUZZY;COLLECTION_MATCH_FUZZY"
140.384384,-32.132032,"Swainsona phacoides",2828970448,"Old Boolcoomatta Station, toward the Cathedral Rock","AUS",1000,1989,"PRESERVED_SPECIMEN","COORDINATE_ROUNDED;CONTINENT_DERIVED_FROM_COORDINATES;INSTITUTION_MATCH_FUZZY;COLLECTION_MATCH_FUZZY"
139.39215,-29.668697,"Swainsona phacoides",2829910776,"MacDonnell Creek, Blanchewater","AUS",1000,1988,"PRESERVED_SPECIMEN","COORDINATE_ROUNDED;CONTINENT_DERIVED_FROM_COORDINATES;INSTITUTION_MATCH_FUZZY;COLLECTION_MATCH_FUZZY"
140.816389,-27.763333,"Swainsona phacoides",2828273377,"16 km direct E of Innamincka on N edge of dunefield. [7.7 km direct ESE of Innamincka; Innamincka Regional Reserve (RR1)]","AUS",150,1995,"PRESERVED_SPECIMEN","COORDINATE_ROUNDED;CONTINENT_DERIVED_FROM_COORDINATES;INSTITUTION_MATCH_FUZZY;COLLECTION_MATCH_FUZZY"
135.887222,-28.581389,"Swainsona phacoides",2829293160,"61.9 km N of William Creek on Oodnadatta Track","AUS",15,2010,"PRESERVED_SPECIMEN","COORDINATE_ROUNDED;CONTINENT_DERIVED_FROM_COORDINATES;INSTITUTION_MATCH_FUZZY;COLLECTION_MATCH_FUZZY"
138.121319,-28.561757,"Swainsona phacoides",2829878818,"Malkuni [Malgoona] Waterhole, Coopers Creek","AUS",150,1980,"PRESERVED_SPECIMEN","COORDINATE_ROUNDED;CONTINENT_DERIVED_FROM_COORDINATES;INSTITUTION_MATCH_FUZZY;COLLECTION_MATCH_FUZZY"
139.367683,-26.748689,"Swainsona phacoides",2828039895,"Birdsville Track, Goyder Lagoon. On dune c. 3 km W of Pandieurra Bore Head","AUS",1000,1975,"PRESERVED_SPECIMEN","COORDINATE_ROUNDED;CONTINENT_DERIVED_FROM_COORDINATES;INSTITUTION_MATCH_FUZZY;COLLECTION_MATCH_FUZZY"
138.68436,-27.415361,"Swainsona phacoides",2828156441,"15 km S of M[oun]t Gason Bore. Cowarie Landsystem","AUS",1000,1996,"PRESERVED_SPECIMEN","COORDINATE_ROUNDED;CONTINENT_DERIVED_FROM_COORDINATES;INSTITUTION_MATCH_FUZZY;COLLECTION_MATCH_FUZZY"
128.773027,-24.900687,"Swainsona phacoides",2828386440,"Track into Kutjuntari Rockhole from Great Central Road, below Gill Pinnacle, N of Docker River - Warakuna (Giles) Road","AUS",150,2006,"PRESERVED_SPECIMEN","COORDINATE_ROUNDED;CONTINENT_DERIVED_FROM_COORDINATES;INSTITUTION_MATCH_FUZZY;COLLECTION_MATCH_FUZZY"
137.217724,-29.49871,"Swainsona phacoides",2827576848,"Lake Eyre South","AUS",1000,1989,"PRESERVED_SPECIMEN","COORDINATE_ROUNDED;CONTINENT_DERIVED_FROM_COORDINATES;INSTITUTION_MATCH_FUZZY;COLLECTION_MATCH_FUZZY"
133.05,-30.133333,"Swainsona phacoides",2829312225,"12 km S of Nefertiti Gate. Mobella Station","AUS",1000,1995,"PRESERVED_SPECIMEN","CONTINENT_DERIVED_FROM_COORDINATES;INSTITUTION_MATCH_FUZZY;COLLECTION_MATCH_FUZZY"
140.184345,-27.282018,"Swainsona phacoides",2827629911,"Between Site 12E and 15E, Coongie","AUS",1000,1987,"PRESERVED_SPECIMEN","COORDINATE_ROUNDED;CONTINENT_DERIVED_FROM_COORDINATES;INSTITUTION_MATCH_FUZZY;COLLECTION_MATCH_FUZZY"
139.103056,-30.782778,"Swainsona phacoides",2830375478,"Nantawarrina Indigenous Protected Lands. On the track to Moro Gorge. Approx[imately] 1 km E of Orange Tree Camp. 50 m N of track","AUS",15,2010,"PRESERVED_SPECIMEN","COORDINATE_ROUNDED;CONTINENT_DERIVED_FROM_COORDINATES;INSTITUTION_MATCH_FUZZY;COLLECTION_MATCH_FUZZY"
134.05,-26.9,"Swainsona phacoides",2829617046,"Alberga R[iver], near Lambina H[ome]s[tead]. Lambina Station","AUS",1000,1992,"PRESERVED_SPECIMEN","CONTINENT_DERIVED_FROM_COORDINATES;INSTITUTION_MATCH_FUZZY;COLLECTION_MATCH_FUZZY"
139.143056,-31.480556,"Swainsona phacoides",2829261523,"800 m E of Martins Well Homestead on side of road between Erudina and Martin Well on N side of road","AUS",15,2010,"PRESERVED_SPECIMEN","COORDINATE_ROUNDED;CONTINENT_DERIVED_FROM_COORDINATES;INSTITUTION_MATCH_FUZZY;COLLECTION_MATCH_FUZZY"
140.984397,-33.948702,"Swainsona phacoides",2828618898,"Chowilla Station. Lake Littra","AUS",1000,1988,"PRESERVED_SPECIMEN","COORDINATE_ROUNDED;CONTINENT_DERIVED_FROM_COORDINATES;INSTITUTION_MATCH_FUZZY;COLLECTION_MATCH_FUZZY"
142.317673,-29.373677,"Swainsona phacoides",2827623976,"40 km N of Tibooburra on Wittabrenna Creek flood plain, Sturt National Park NW NSW","AUS",1000,1981,"PRESERVED_SPECIMEN","COORDINATE_ROUNDED;CONTINENT_DERIVED_FROM_COORDINATES;INSTITUTION_MATCH_FUZZY;COLLECTION_MATCH_FUZZY"
140.201013,-27.398685,"Swainsona phacoides",2828283179,"20 km S Coongie Lake","AUS",1000,1986,"PRESERVED_SPECIMEN","COORDINATE_ROUNDED;CONTINENT_DERIVED_FROM_COORDINATES;INSTITUTION_MATCH_FUZZY;COLLECTION_MATCH_FUZZY"
139.176052,-30.945092,"Swainsona phacoides",2829045437,"Chambers Gorge, Site 2","AUS",1000,1989,"PRESERVED_SPECIMEN","COORDINATE_ROUNDED;CONTINENT_DERIVED_FROM_COORDINATES;INSTITUTION_MATCH_FUZZY;COLLECTION_MATCH_FUZZY"
140.834342,-27.700071,"Swainsona phacoides",2828963854,"Near Callamurra W[ater] H[ole]","AUS",1000,1976,"PRESERVED_SPECIMEN","COORDINATE_ROUNDED;CONTINENT_DERIVED_FROM_COORDINATES;INSTITUTION_MATCH_FUZZY;COLLECTION_MATCH_FUZZY"
138.567729,-31.348709,"Swainsona phacoides",2828214068,"Oraparinna National Park. Road from Brachina Gorge 17 km W of Blinman","AUS",1000,1971,"PRESERVED_SPECIMEN","COORDINATE_ROUNDED;CONTINENT_DERIVED_FROM_COORDINATES;INSTITUTION_MATCH_FUZZY;COLLECTION_MATCH_FUZZY"
138.425786,-31.455932,"Swainsona phacoides",2829933267,"Near Tiddly Whopper Repeater Station, 50 km N of Hawker","AUS",150,2003,"PRESERVED_SPECIMEN","COORDINATE_ROUNDED;CONTINENT_DERIVED_FROM_COORDINATES;INSTITUTION_MATCH_FUZZY;COLLECTION_MATCH_FUZZY"
138.455209,-29.011201,"Swainsona phacoides",2829361588,"Birdsville T[rac]k. 30.3 km N Clayton C[ree]k, 0.5 km N Dulkaninna H[ome]s[tead]","AUS",1000,1988,"PRESERVED_SPECIMEN","COORDINATE_ROUNDED;CONTINENT_DERIVED_FROM_COORDINATES;INSTITUTION_MATCH_FUZZY;COLLECTION_MATCH_FUZZY"
135.617735,-29.082052,"Swainsona phacoides",2828534465,"William C[ree]k Road, 70 km E Stuart Highway","AUS",1000,1988,"PRESERVED_SPECIMEN","COORDINATE_ROUNDED;CONTINENT_DERIVED_FROM_COORDINATES;INSTITUTION_MATCH_FUZZY;COLLECTION_MATCH_FUZZY"
136.192165,-28.066212,"Swainsona phacoides",2830357986,"6 Mile Flow Bore, Peake Station, S side of the Neales [River]; c. 35 km direct E of Peake Telegraph Station ruins","AUS",150,1986,"PRESERVED_SPECIMEN","COORDINATE_ROUNDED;CONTINENT_DERIVED_FROM_COORDINATES;INSTITUTION_MATCH_FUZZY;COLLECTION_MATCH_FUZZY"
137.217752,-32.382056,"Swainsona phacoides",2828142378,"1.5 km W of SW corner of Birthday Paddock, Carriewerloo","AUS",1000,1990,"PRESERVED_SPECIMEN","COORDINATE_ROUNDED;CONTINENT_DERIVED_FROM_COORDINATES;INSTITUTION_MATCH_FUZZY;COLLECTION_MATCH_FUZZY"
144.939167,-30.656667,"Swainsona phacoides",2828026535,"Winbar - abot 20 miles south of Louth.","AUS",3000,1966,"PRESERVED_SPECIMEN","CONTINENT_DERIVED_FROM_COORDINATES;INSTITUTION_MATCH_FUZZY;COLLECTION_MATCH_FUZZY"
140.433333,-34.25,"Swainsona phacoides",2830350400,"Barmera, near Waikerie.","AUS",1000,1987,"PRESERVED_SPECIMEN","CONTINENT_DERIVED_FROM_COORDINATES;INSTITUTION_MATCH_FUZZY;COLLECTION_MATCH_FUZZY"
131.366667,-23.3,"Swainsona phacoides",2830701707,"North side of Mt Liebig.","AUS",1000,1988,"PRESERVED_SPECIMEN","CONTINENT_DERIVED_FROM_COORDINATES;INSTITUTION_MATCH_FUZZY;COLLECTION_MATCH_FUZZY"
132.616667,-24.533333,"Swainsona phacoides",2829729512,"33 m. [53 km] W. Henbury Station Homestead.","AUS",1000,1968,"PRESERVED_SPECIMEN","CONTINENT_DERIVED_FROM_COORDINATES;INSTITUTION_MATCH_FUZZY;COLLECTION_MATCH_FUZZY"
143.033333,-30.633333,"Swainsona phacoides",2830523755,"25 km N of White Cliffs, Caradoc Station.","AUS",2000,1993,"PRESERVED_SPECIMEN","CONTINENT_DERIVED_FROM_COORDINATES;INSTITUTION_MATCH_FUZZY;COLLECTION_MATCH_FUZZY"
143.316667,-31.516667,"Swainsona phacoides",2830192726,"6 km W of Wilcannia.","AUS",1000,1978,"PRESERVED_SPECIMEN","CONTINENT_DERIVED_FROM_COORDINATES;INSTITUTION_MATCH_FUZZY;COLLECTION_MATCH_FUZZY"
137.75,-32.483333,"Swainsona phacoides",2830604570,"Port Augusta aerodrome.","AUS",3000,1973,"PRESERVED_SPECIMEN","CONTINENT_DERIVED_FROM_COORDINATES;INSTITUTION_MATCH_FUZZY;COLLECTION_MATCH_FUZZY"
113.15,-25.983333,"Swainsona phacoides",2829402200,"On hill W of (new) airstrip, Dirk Hartog Island.","AUS",2000,1972,"PRESERVED_SPECIMEN","CONTINENT_DERIVED_FROM_COORDINATES;INSTITUTION_MATCH_FUZZY;COLLECTION_MATCH_FUZZY"
135,-29.033333,"Swainsona phacoides",2827985920,"region 2: 19 km E of Coober Pedy.","AUS",1000,1985,"PRESERVED_SPECIMEN","CONTINENT_DERIVED_FROM_COORDINATES;INSTITUTION_MATCH_FUZZY;COLLECTION_MATCH_FUZZY"
142.666667,-32.233333,"Swainsona phacoides",2830384472,"33 km NE. of Menindee towards Wilcannia on road N. of Darling River.","AUS",3000,1973,"PRESERVED_SPECIMEN","CONTINENT_DERIVED_FROM_COORDINATES;INSTITUTION_MATCH_FUZZY;COLLECTION_MATCH_FUZZY"
137.940556,-23.562778,"Swainsona phacoides",2830187605,"Tobermorey Station, north-eastern Simpson Desert.","AUS",50,2015,"PRESERVED_SPECIMEN","CONTINENT_DERIVED_FROM_COORDINATES;INSTITUTION_MATCH_FUZZY;COLLECTION_MATCH_FUZZY"
133.25,-23.95,"Swainsona phacoides",2828801062,"Between Hugh R[iver] and Eastern D[am] on Hermansburg road, approx. 47 miles [75.6 km] west of Alice Springs.","AUS",4000,1955,"PRESERVED_SPECIMEN","CONTINENT_DERIVED_FROM_COORDINATES;INSTITUTION_MATCH_FUZZY;COLLECTION_MATCH_FUZZY"
139.416667,-24.266667,"Swainsona phacoides",2829898946,"10 km N of Bedourie.","AUS",1000,1977,"PRESERVED_SPECIMEN","CONTINENT_DERIVED_FROM_COORDINATES;INSTITUTION_MATCH_FUZZY;COLLECTION_MATCH_FUZZY"
145.883333,-31.416667,"Swainsona phacoides",2828760058,"21 km N on Tilpa Road [83 km W of Cobar], from Cobar - Wilcannia Road [Barrier Highway].","AUS",1000,1973,"PRESERVED_SPECIMEN","CONTINENT_DERIVED_FROM_COORDINATES;INSTITUTION_MATCH_FUZZY;COLLECTION_MATCH_FUZZY"
142.365833,-29.156111,"Swainsona phacoides",3749154796,"Narriearra Station, c. 17.74 km due NW of the abandored Connulpie homestead.","AUS",50,2020,"PRESERVED_SPECIMEN","CONTINENT_DERIVED_FROM_COORDINATES;INSTITUTION_MATCH_FUZZY;COLLECTION_MATCH_FUZZY"
139.483333,-32.083333,"Swainsona phacoides",2827795160,"ca 400 km NNE of Adelaide; Koonamore Station, SE South Lake Paddock.","AUS",1000,1971,"PRESERVED_SPECIMEN","CONTINENT_DERIVED_FROM_COORDINATES;INSTITUTION_MATCH_FUZZY;COLLECTION_MATCH_FUZZY"
141.766667,-29.65,"Swainsona phacoides",2829794988,"Mt Poole.","AUS",2000,1973,"PRESERVED_SPECIMEN","CONTINENT_DERIVED_FROM_COORDINATES;INSTITUTION_MATCH_FUZZY;COLLECTION_MATCH_FUZZY"
143.783333,-31.683333,"Swainsona phacoides",2829429104,"McCullochs Range, 53 km E of Wilcannia. (7634).","AUS",5000,1976,"PRESERVED_SPECIMEN","CONTINENT_DERIVED_FROM_COORDINATES;INSTITUTION_MATCH_FUZZY;COLLECTION_MATCH_FUZZY"
134.95,-25.583333,"Swainsona phacoides",2830477255,"29.2 miles [47 km] SW Andado H.S.[Homestead].","AUS",3000,1956,"PRESERVED_SPECIMEN","CONTINENT_DERIVED_FROM_COORDINATES;INSTITUTION_MATCH_FUZZY;COLLECTION_MATCH_FUZZY"
137,-23.3,"Swainsona phacoides",2830574251,"On western side of Hay River, about 14 km SSE of Mt. Winnecke.","AUS",3000,1982,"PRESERVED_SPECIMEN","CONTINENT_DERIVED_FROM_COORDINATES;INSTITUTION_MATCH_FUZZY;COLLECTION_MATCH_FUZZY"
140.05,-28.883333,"Swainsona phacoides",2828949601,"9 miles [14.5 km] up the Gidgealpa Road from the Strezelecki turn-off.","AUS",1000,1968,"PRESERVED_SPECIMEN","CONTINENT_DERIVED_FROM_COORDINATES;INSTITUTION_MATCH_FUZZY;COLLECTION_MATCH_FUZZY"
140.920833,-30.437778,"Swainsona phacoides",2830405056,"2 km west of Starvation Dam. Lake Frome Basin, east. Starvation Dam (lake) is on the western side of the South Australia and New South Wales border and c. 180 km north-north-west of Broken Hill.","AUS",3000,1971,"PRESERVED_SPECIMEN","CONTINENT_DERIVED_FROM_COORDINATES;INSTITUTION_MATCH_FUZZY;COLLECTION_MATCH_FUZZY"
145.3,-31.333333,"Swainsona phacoides",2830167393,"Mt Grenfell.","AUS",5000,1973,"PRESERVED_SPECIMEN","CONTINENT_DERIVED_FROM_COORDINATES;INSTITUTION_MATCH_FUZZY;COLLECTION_MATCH_FUZZY"
146.25,-35.35,"Swainsona phacoides",2829026578,"50 m E of eastern bank of Lake Urana.","AUS",1000,1993,"PRESERVED_SPECIMEN","CONTINENT_DERIVED_FROM_COORDINATES;INSTITUTION_MATCH_FUZZY;COLLECTION_MATCH_FUZZY"
135.3,-25.416667,"Swainsona phacoides",2828231492,"Andado.","AUS",3000,1974,"PRESERVED_SPECIMEN","CONTINENT_DERIVED_FROM_COORDINATES;INSTITUTION_MATCH_FUZZY;COLLECTION_MATCH_FUZZY"
145.35,-32.816667,"Swainsona phacoides",2830167164,"Coombie, [NW of] Roto. (7932).","AUS",1000,1976,"PRESERVED_SPECIMEN","CONTINENT_DERIVED_FROM_COORDINATES;INSTITUTION_MATCH_FUZZY;COLLECTION_MATCH_FUZZY"
138.683333,-31.116667,"Swainsona phacoides",2828159853,"At South Blinman.","AUS",3000,1969,"PRESERVED_SPECIMEN","CONTINENT_DERIVED_FROM_COORDINATES;INSTITUTION_MATCH_FUZZY;COLLECTION_MATCH_FUZZY"
141.466667,-29.216667,"Swainsona phacoides",2830244449,"In Sturt National Park, 55 km NW of Tibooburra.","AUS",3000,1979,"PRESERVED_SPECIMEN","CONTINENT_DERIVED_FROM_COORDINATES;INSTITUTION_MATCH_FUZZY;COLLECTION_MATCH_FUZZY"
138.02281,-29.02115,"Swainsona phacoides",1085356533,"","AUS",50,2000,"HUMAN_OBSERVATION","CONTINENT_DERIVED_FROM_COORDINATES"
138.88734,-32.4408,"Swainsona phacoides",1085262935,"","AUS",50,1996,"HUMAN_OBSERVATION","CONTINENT_DERIVED_FROM_COORDINATES"
136.74556,-29.68359,"Swainsona phacoides",1084218554,"","AUS",250,1997,"PRESERVED_SPECIMEN","CONTINENT_DERIVED_FROM_COORDINATES"
135.90098,-32.66201,"Swainsona phacoides",2445911872,"","AUS",50,2012,"HUMAN_OBSERVATION","CONTINENT_DERIVED_FROM_COORDINATES"
140.89139,-28.14689,"Swainsona phacoides",1085530225,"Innamincka (RR)","AUS",250,1988,"HUMAN_OBSERVATION","CONTINENT_DERIVED_FROM_COORDINATES"
139.30152,-30.09088,"Swainsona phacoides",1085145750,"","AUS",NA,1988,"HUMAN_OBSERVATION","CONTINENT_DERIVED_FROM_COORDINATES"
140.81478,-30.37284,"Swainsona phacoides",1085406774,"","AUS",50,1992,"HUMAN_OBSERVATION","CONTINENT_DERIVED_FROM_COORDINATES"
139.17348,-30.47818,"Swainsona phacoides",1085189344,"Vulkathunha-Gammon Ranges (NP)","AUS",100,1993,"HUMAN_OBSERVATION","CONTINENT_DERIVED_FROM_COORDINATES"
132.70409,-24.32316,"Swainsona phacoides",2850108284,"Somewhere in the NT","AUS",7,1988,"HUMAN_OBSERVATION","CONTINENT_DERIVED_FROM_COORDINATES"
132.516754,-25.388356,"Swainsona phacoides",1633460849,"","AUS",NA,2000,"HUMAN_OBSERVATION","CONTINENT_DERIVED_FROM_COORDINATES"
133.79149,-25.08435,"Swainsona phacoides",2850123644,"Somewhere in the NT","AUS",7,1988,"HUMAN_OBSERVATION","CONTINENT_DERIVED_FROM_COORDINATES"
133.818576,-25.214421,"Swainsona phacoides",1633459453,"redbank Dam","AUS",NA,2001,"HUMAN_OBSERVATION","CONTINENT_DERIVED_FROM_COORDINATES"
132.492936,-25.258369,"Swainsona phacoides",1633460883,"","AUS",NA,2000,"HUMAN_OBSERVATION","CONTINENT_DERIVED_FROM_COORDINATES"
135.369787,-25.434989,"Swainsona phacoides",1633582611,"","AUS",NA,2001,"HUMAN_OBSERVATION","CONTINENT_DERIVED_FROM_COORDINATES"
132.62467,-22.7529,"Swainsona phacoides",1633252066,"","AUS",NA,2001,"HUMAN_OBSERVATION","CONTINENT_DERIVED_FROM_COORDINATES"
133.524253,-25.261922,"Swainsona phacoides",1633454588,"","AUS",NA,2001,"HUMAN_OBSERVATION","CONTINENT_DERIVED_FROM_COORDINATES"
132.689106,-25.404155,"Swainsona phacoides",1633460747,"","AUS",NA,2000,"HUMAN_OBSERVATION","CONTINENT_DERIVED_FROM_COORDINATES"
134.53861,-22.12749,"Swainsona phacoides",1633251950,"","AUS",NA,2001,"HUMAN_OBSERVATION","CONTINENT_DERIVED_FROM_COORDINATES"
128.516667,-24.833056,"Swainsona phacoides",2853839024,"E end of Schwerin Mural Crescent","AUS",3000,1963,"PRESERVED_SPECIMEN","COORDINATE_ROUNDED;CONTINENT_DERIVED_FROM_COORDINATES;INSTITUTION_MATCH_FUZZY;COLLECTION_MATCH_FUZZY"
142.480487,-31.017949,"Swainsona phacoides",1072948188,"locality withheld","AUS",100,2003,"HUMAN_OBSERVATION","COORDINATE_ROUNDED;CONTINENT_DERIVED_FROM_COORDINATES"
142.017928,-30.965153,"Swainsona phacoides",1451476004,"locality withheld","AUS",1000,1986,"PRESERVED_SPECIMEN","COORDINATE_ROUNDED;CONTINENT_DERIVED_FROM_COORDINATES;INSTITUTION_MATCH_NONE"
133.0534,-23.7249,"Swainsona phacoides",2826764336,"6km NW of Ellery Creek Big Hole;West Macdonnell N.P.","AUS",100,2007,"PRESERVED_SPECIMEN","CONTINENT_DERIVED_FROM_COORDINATES;INSTITUTION_MATCH_FUZZY;COLLECTION_MATCH_FUZZY"
131.9806,-25.2458,"Swainsona phacoides",2826829542,"20km (road) East Curtin Springs","AUS",NA,1997,"PRESERVED_SPECIMEN","CONTINENT_DERIVED_FROM_COORDINATES;INSTITUTION_MATCH_FUZZY;COLLECTION_MATCH_FUZZY"
135.2467,-24.5333,"Swainsona phacoides",2826798977,"Alice Springs, Andado station.","AUS",NA,1997,"PRESERVED_SPECIMEN","CONTINENT_DERIVED_FROM_COORDINATES;INSTITUTION_MATCH_FUZZY;COLLECTION_MATCH_FUZZY"
132.3561,-24.3286,"Swainsona phacoides",2826827740,"9km NW Tempe Downs Hmsd.","AUS",100,2000,"PRESERVED_SPECIMEN","CONTINENT_DERIVED_FROM_COORDINATES;INSTITUTION_MATCH_FUZZY;COLLECTION_MATCH_FUZZY"
129.6675,-25.06,"Swainsona phacoides",2826736817,"S side of Docker River Road, 110 km W of The Olgas turnoff","AUS",5,2013,"PRESERVED_SPECIMEN","COORDINATE_ROUNDED;CONTINENT_DERIVED_FROM_COORDINATES;INSTITUTION_MATCH_FUZZY;COLLECTION_MATCH_FUZZY"
137.35696,-26.32387,"Swainsona phacoides",1085307445,"Munga-Thirri?Simpson Desert (NP)","AUS",100,1998,"HUMAN_OBSERVATION","CONTINENT_DERIVED_FROM_COORDINATES"
138.6471,-28.29158,"Swainsona phacoides",1085439565,"","AUS",50,1993,"HUMAN_OBSERVATION","CONTINENT_DERIVED_FROM_COORDINATES"
140.66567,-27.05189,"Swainsona phacoides",1454426273,"Innamincka (RR)","AUS",50,2008,"PRESERVED_SPECIMEN","CONTINENT_DERIVED_FROM_COORDINATES"
138.7125,-28.339444,"Swainsona phacoides",2303143053,"Lake Eyre, 7 kilometers E of Mulka Homestead, Mulka Station","AUS",NA,2000,"PRESERVED_SPECIMEN","COORDINATE_ROUNDED;GEODETIC_DATUM_ASSUMED_WGS84;GEODETIC_DATUM_INVALID;CONTINENT_DERIVED_FROM_COORDINATES;INSTITUTION_MATCH_FUZZY;COLLECTION_MATCH_FUZZY"
135.374778,-31.036194,"Swainsona phacoides",4059136310,"16 km South of Kingoonya on Gawler Ranges Road.","AUS",10,2022,"PRESERVED_SPECIMEN","INSTITUTION_MATCH_FUZZY;COLLECTION_MATCH_FUZZY"
141.3325,-34.0233,"Swainsona phacoides",2437660236,"Eastern edge of Lake Victoria, c. 50 km WNW from Wentworth.","AUS",1000,2001,"PRESERVED_SPECIMEN","INSTITUTION_MATCH_FUZZY;COLLECTION_MATCH_FUZZY"
150.733333,-31.266667,"Swainsona phacoides",2828888070,"Currabubula, c. 25 km SW of Tamworth (by air), on Tamworth - Quirindi road.","AUS",1000,1993,"PRESERVED_SPECIMEN","CONTINENT_DERIVED_FROM_COORDINATES;INSTITUTION_MATCH_FUZZY;COLLECTION_MATCH_FUZZY"
139.466667,-25.433333,"Swainsona phacoides",2830652713,"50 km N of Birdsville.","AUS",3000,1977,"PRESERVED_SPECIMEN","CONTINENT_DERIVED_FROM_COORDINATES;INSTITUTION_MATCH_FUZZY;COLLECTION_MATCH_FUZZY"
138.275,-27.064722,"Swainsona phacoides",2829962018,"Simpson Desert Regional Reserve. Australian Desert Expeditions Great White Lakes traverse, day 6.","AUS",50,2014,"PRESERVED_SPECIMEN","CONTINENT_DERIVED_FROM_COORDINATES;INSTITUTION_MATCH_FUZZY;COLLECTION_MATCH_FUZZY"
133.408611,-23.959167,"Swainsona phacoides",2828588090,"Owen Springs Reserve, 11 km SW of ranger station, 54 km SW of Alice Springs, site on outer floodplain of Hugh River N of Waterhouse Range. Site name: NTAMAC0003.","AUS",50,2014,"PRESERVED_SPECIMEN","CONTINENT_DERIVED_FROM_COORDINATES;INSTITUTION_MATCH_FUZZY;COLLECTION_MATCH_FUZZY"
132.77,-22.5,"Swainsona phacoides",2827780076,"C. 2.4 km E of Napperby Homestead & c, 135 km NW of Alice Springs.","AUS",NA,1974,"PRESERVED_SPECIMEN","CONTINENT_DERIVED_FROM_COORDINATES;INSTITUTION_MATCH_FUZZY;COLLECTION_MATCH_FUZZY"
133.7633,-23.8436,"Swainsona phacoides",2829025383,"Erldunda Homestead.Lake.","AUS",NA,2000,"PRESERVED_SPECIMEN","CONTINENT_DERIVED_FROM_COORDINATES;INSTITUTION_MATCH_FUZZY;COLLECTION_MATCH_FUZZY"
142.78,-29.83,"Swainsona phacoides",2829909677,"old woolshed and bore, 11 km SW of 'Moolie Park' towards 'Salisbury Down'.","AUS",1000,1976,"PRESERVED_SPECIMEN","CONTINENT_DERIVED_FROM_COORDINATES;INSTITUTION_MATCH_FUZZY;COLLECTION_MATCH_FUZZY"
141.62,-29.67,"Swainsona phacoides",2829954185,"c. 30 km NW of Milparinka, Hawkers Gate road.","AUS",1000,1979,"PRESERVED_SPECIMEN","CONTINENT_DERIVED_FROM_COORDINATES;INSTITUTION_MATCH_FUZZY;COLLECTION_MATCH_FUZZY"
145.6847,-31.3636,"Swainsona phacoides",2827414031,"21 km on Tilpa road, N from Cobar - Wilcannia road.","AUS",1000,1973,"PRESERVED_SPECIMEN","COORDINATE_ROUNDED;CONTINENT_DERIVED_FROM_COORDINATES;INSTITUTION_MATCH_FUZZY;COLLECTION_MATCH_FUZZY"
137.30899,-29.12808,"Swainsona phacoides",1085356426,"","AUS",50,2000,"HUMAN_OBSERVATION","CONTINENT_DERIVED_FROM_COORDINATES"
135.3917,-25.7472,"Swainsona phacoides",2826796532,"37km Sth of Andado Hmsd;Finke floodout","AUS",100,2001,"PRESERVED_SPECIMEN","CONTINENT_DERIVED_FROM_COORDINATES;INSTITUTION_MATCH_FUZZY;COLLECTION_MATCH_FUZZY"
133.77622,-29.51254,"Swainsona phacoides",2826671639,"69 km SE of Tallaringa Well, South Australia.","AUS",100,2015,"PRESERVED_SPECIMEN","COORDINATE_ROUNDED;CONTINENT_DERIVED_FROM_COORDINATES;INSTITUTION_MATCH_FUZZY;COLLECTION_MATCH_FUZZY"
133.726681,-21.767483,"Swainsona phacoides",2826748256,"Stirling Swamp;Stirling Stn.","AUS",NA,1996,"PRESERVED_SPECIMEN","COORDINATE_ROUNDED;CONTINENT_DERIVED_FROM_COORDINATES;INSTITUTION_MATCH_FUZZY;COLLECTION_MATCH_FUZZY"
135.5286,-22.86909,"Swainsona phacoides",2826714558,"Huckitta Station","AUS",100,2005,"PRESERVED_SPECIMEN","CONTINENT_DERIVED_FROM_COORDINATES;INSTITUTION_MATCH_FUZZY;COLLECTION_MATCH_FUZZY"
133.443797,-23.825762,"Swainsona phacoides",2826870926,"6.19km ESE of Hugh River Nmamatjira Xing. Site 673","AUS",100,2005,"PRESERVED_SPECIMEN","COORDINATE_ROUNDED;CONTINENT_DERIVED_FROM_COORDINATES;INSTITUTION_MATCH_FUZZY;COLLECTION_MATCH_FUZZY"
135.4089,-24.0017,"Swainsona phacoides",2826895205,"c.3km West of Numery Hmsd.","AUS",100,2007,"PRESERVED_SPECIMEN","CONTINENT_DERIVED_FROM_COORDINATES;INSTITUTION_MATCH_FUZZY;COLLECTION_MATCH_FUZZY"
137.2458,-23.8767,"Swainsona phacoides",2826967078,"c.12km due SSE of Lake Caroline;Nth.Simpson Desert","AUS",100,2007,"PRESERVED_SPECIMEN","CONTINENT_DERIVED_FROM_COORDINATES;INSTITUTION_MATCH_FUZZY;COLLECTION_MATCH_FUZZY"
131.0458,-24.4731,"Swainsona phacoides",2826712502,"Glen Thirsty, 58km SW of Kings Canyon.","AUS",100,2004,"PRESERVED_SPECIMEN","CONTINENT_DERIVED_FROM_COORDINATES;INSTITUTION_MATCH_FUZZY;COLLECTION_MATCH_FUZZY"
132.2,-22.0603,"Swainsona phacoides",2826652569,"15km ENE of Mt.Denison Hmsd.","AUS",NA,2005,"PRESERVED_SPECIMEN","CONTINENT_DERIVED_FROM_COORDINATES;INSTITUTION_MATCH_FUZZY;COLLECTION_MATCH_FUZZY"
132.387826,-23.655987,"Swainsona phacoides",2826718181,"West Macdonnell N.P. between Roma Gorge and Tylers Pass","AUS",100,2005,"PRESERVED_SPECIMEN","COORDINATE_ROUNDED;CONTINENT_DERIVED_FROM_COORDINATES;INSTITUTION_MATCH_FUZZY;COLLECTION_MATCH_FUZZY"
132.91,-23.7408,"Swainsona phacoides",2826962291,"Road to Serpentine Chalet","AUS",100,2000,"PRESERVED_SPECIMEN","CONTINENT_DERIVED_FROM_COORDINATES;INSTITUTION_MATCH_FUZZY;COLLECTION_MATCH_FUZZY"
132.3583,-23.6722,"Swainsona phacoides",2826740746,"Tylers Pass","AUS",NA,1998,"PRESERVED_SPECIMEN","CONTINENT_DERIVED_FROM_COORDINATES;INSTITUTION_MATCH_FUZZY;COLLECTION_MATCH_FUZZY"
137.442429,-21.959936,"Swainsona phacoides",2826712606,"Imbordjudu Ck.Xing of S-Boundary Lake Nash Stn.","AUS",NA,1995,"PRESERVED_SPECIMEN","COORDINATE_ROUNDED;CONTINENT_DERIVED_FROM_COORDINATES;INSTITUTION_MATCH_FUZZY;COLLECTION_MATCH_FUZZY"
130.0869,-25.5294,"Swainsona phacoides",2826872961,"10.5km due WSW Stevenson Peak","AUS",100,2001,"PRESERVED_SPECIMEN","CONTINENT_DERIVED_FROM_COORDINATES;INSTITUTION_MATCH_FUZZY;COLLECTION_MATCH_FUZZY"
133.208889,-25.27,"Swainsona phacoides",2826969548,"8km Sth of Erldunda","AUS",100,2010,"PRESERVED_SPECIMEN","CONTINENT_DERIVED_FROM_COORDINATES;INSTITUTION_MATCH_FUZZY;COLLECTION_MATCH_FUZZY"
130.3486,-23.3217,"Swainsona phacoides",2826751859,"Ehrenberg Range;98km East Kintore","AUS",100,2000,"PRESERVED_SPECIMEN","CONTINENT_DERIVED_FROM_COORDINATES;INSTITUTION_MATCH_FUZZY;COLLECTION_MATCH_FUZZY"
135.2575,-25.8289,"Swainsona phacoides",2826794548,"Andado station, Finke river dunes.","AUS",NA,1997,"PRESERVED_SPECIMEN","CONTINENT_DERIVED_FROM_COORDINATES;INSTITUTION_MATCH_FUZZY;COLLECTION_MATCH_FUZZY"
133.632002,-24.32305,"Swainsona phacoides",2826923465,"Rainbow Valley Conservation Reserve","AUS",NA,1995,"PRESERVED_SPECIMEN","COORDINATE_ROUNDED;CONTINENT_DERIVED_FROM_COORDINATES;INSTITUTION_MATCH_FUZZY;COLLECTION_MATCH_FUZZY"
140.334386,-32.282033,"Swainsona phacoides",2829430905,"Olary Common","AUS",1000,1989,"PRESERVED_SPECIMEN","COORDINATE_ROUNDED;CONTINENT_DERIVED_FROM_COORDINATES;INSTITUTION_MATCH_FUZZY;COLLECTION_MATCH_FUZZY"
140.433512,-27.668685,"Swainsona phacoides",2827401030,"6 km ESE of Scrubby Camp Waterhole on N side of Coongie Road, Site 24","AUS",1000,1983,"PRESERVED_SPECIMEN","COORDINATE_ROUNDED;CONTINENT_DERIVED_FROM_COORDINATES;INSTITUTION_MATCH_FUZZY;COLLECTION_MATCH_FUZZY"
133.534431,-30.54874,"Swainsona phacoides",2829177608,"Wynbring Rocks. Mulgathing Station","AUS",1000,1995,"PRESERVED_SPECIMEN","COORDINATE_ROUNDED;CONTINENT_DERIVED_FROM_COORDINATES;INSTITUTION_MATCH_FUZZY;COLLECTION_MATCH_FUZZY"
137.051059,-29.498711,"Swainsona phacoides",2829836276,"Margaret C[ree]k, near Curdimurka","AUS",1000,1984,"PRESERVED_SPECIMEN","COORDINATE_ROUNDED;CONTINENT_DERIVED_FROM_COORDINATES;INSTITUTION_MATCH_FUZZY;COLLECTION_MATCH_FUZZY"
133.405239,-27.461227,"Swainsona phacoides",2830189810,"Wallatinna Water Hole","AUS",1000,1986,"PRESERVED_SPECIMEN","COORDINATE_ROUNDED;CONTINENT_DERIVED_FROM_COORDINATES;INSTITUTION_MATCH_FUZZY;COLLECTION_MATCH_FUZZY"
135.491072,-29.507889,"Swainsona phacoides",2828108905,"Balta Baltana Creek. Coober Pedy [to] William Creek road","AUS",1000,1968,"PRESERVED_SPECIMEN","COORDINATE_ROUNDED;CONTINENT_DERIVED_FROM_COORDINATES;INSTITUTION_MATCH_FUZZY;COLLECTION_MATCH_FUZZY"
134.409401,-27.960112,"Swainsona phacoides",2827349782,"10.2 km by road E of Copper Hills H[ome]s[tead]","AUS",1000,1988,"PRESERVED_SPECIMEN","COORDINATE_ROUNDED;CONTINENT_DERIVED_FROM_COORDINATES;INSTITUTION_MATCH_FUZZY;COLLECTION_MATCH_FUZZY"
137.224444,-31.705,"Swainsona phacoides",2827899886,"97.5 km N [NW] of Port Augusta, along Stuart Highway","AUS",150,2010,"PRESERVED_SPECIMEN","COORDINATE_ROUNDED;CONTINENT_DERIVED_FROM_COORDINATES;INSTITUTION_MATCH_FUZZY;COLLECTION_MATCH_FUZZY"
136.76283,-30.699883,"Swainsona phacoides",2828906627,"On N side of Chances Swamp, 1.0 km direct ENE of Roxby Downs homestead. Roxby Downs Station, Holding Paddock HP3. (site C237)","AUS",150,2016,"PRESERVED_SPECIMEN","CONTINENT_DERIVED_FROM_COORDINATES;INSTITUTION_MATCH_FUZZY;COLLECTION_MATCH_FUZZY"
140.567679,-27.800073,"Swainsona phacoides",2827494823,"18.7 km WSW of Innamincka township","AUS",1000,1976,"PRESERVED_SPECIMEN","COORDINATE_ROUNDED;CONTINENT_DERIVED_FROM_COORDINATES;INSTITUTION_MATCH_FUZZY;COLLECTION_MATCH_FUZZY"
137.106341,-30.007046,"Swainsona phacoides",2830248895,"54 km S of Oodnadatta Track on Borefield Road","AUS",150,2010,"PRESERVED_SPECIMEN","COORDINATE_ROUNDED;CONTINENT_DERIVED_FROM_COORDINATES;INSTITUTION_MATCH_FUZZY;COLLECTION_MATCH_FUZZY"
138.757778,-30.883056,"Swainsona phacoides",2828083225,"Narrina Pastoral Lease. Approx[imately] 1 km S of Hut Bore. On both sides of track on a slight rise above the creek","AUS",15,2009,"PRESERVED_SPECIMEN","COORDINATE_ROUNDED;CONTINENT_DERIVED_FROM_COORDINATES;INSTITUTION_MATCH_FUZZY;COLLECTION_MATCH_FUZZY"
140.516667,-27.863889,"Swainsona phacoides",2830460181,"28.5 km by road (25 km direct) WSW of Innamincka on main road to Gidgealpa. [25.6 km direct WSW of Innamincka]","AUS",15,1995,"PRESERVED_SPECIMEN","COORDINATE_ROUNDED;CONTINENT_DERIVED_FROM_COORDINATES;INSTITUTION_MATCH_FUZZY;COLLECTION_MATCH_FUZZY"
140.088611,-29.186389,"Swainsona phacoides",2827345747,"S of Innamincka along Strzelecki Track","AUS",15,2007,"PRESERVED_SPECIMEN","COORDINATE_ROUNDED;CONTINENT_DERIVED_FROM_COORDINATES;INSTITUTION_MATCH_FUZZY;COLLECTION_MATCH_FUZZY"
134.201054,-25.815383,"Swainsona phacoides",2829157801,"45 km SW of Finke","AUS",1000,1985,"PRESERVED_SPECIMEN","COORDINATE_ROUNDED;CONTINENT_DERIVED_FROM_COORDINATES;INSTITUTION_MATCH_FUZZY;COLLECTION_MATCH_FUZZY"
137.163515,-30.383722,"Swainsona phacoides",2827896807,"7.1 km direct N of Andamooka township, by track on N side of Swamp Dams Andamooka Station, Andamooka North Paddock. (site A136)","AUS",150,2016,"PRESERVED_SPECIMEN","CONTINENT_DERIVED_FROM_COORDINATES;INSTITUTION_MATCH_FUZZY;COLLECTION_MATCH_FUZZY"
138.196062,-31.035654,"Swainsona phacoides",2829827692,"Track to Lake Torrens, 12.8 km W from Nilpena Homestead","AUS",150,2001,"PRESERVED_SPECIMEN","COORDINATE_ROUNDED;CONTINENT_DERIVED_FROM_COORDINATES;INSTITUTION_MATCH_FUZZY;COLLECTION_MATCH_FUZZY"
138.855459,-25.895634,"Swainsona phacoides",2827849735,"Eyre Creek, about 50 km W of Birdsville","AUS",150,2008,"PRESERVED_SPECIMEN","COORDINATE_ROUNDED;CONTINENT_DERIVED_FROM_COORDINATES;INSTITUTION_MATCH_FUZZY;COLLECTION_MATCH_FUZZY"
137.184122,-30.387881,"Swainsona phacoides",2829309732,"NE Andamooka Mine. Town Dam track","AUS",150,2004,"PRESERVED_SPECIMEN","COORDINATE_ROUNDED;CONTINENT_DERIVED_FROM_COORDINATES;INSTITUTION_MATCH_FUZZY;COLLECTION_MATCH_FUZZY"
139.611878,-30.613698,"Swainsona phacoides",2829866309,"30.91 km Balcoona H[ome]s[tead] at 107 degrees 6 minutes","AUS",1000,1980,"PRESERVED_SPECIMEN","COORDINATE_ROUNDED;CONTINENT_DERIVED_FROM_COORDINATES;INSTITUTION_MATCH_FUZZY;COLLECTION_MATCH_FUZZY"
134.983333,-30.85,"Swainsona phacoides",2828576302,"26 km ESE of Wilgena Homestead, Wilgena Station","AUS",1000,1995,"PRESERVED_SPECIMEN","CONTINENT_DERIVED_FROM_COORDINATES;INSTITUTION_MATCH_FUZZY;COLLECTION_MATCH_FUZZY"
135.251053,-26.832046,"Swainsona phacoides",2830458076,"5 km N of turnoff to Mt. Sarah H[ome]s[tead] on Oodnadatta Track","AUS",1000,1989,"PRESERVED_SPECIMEN","COORDINATE_ROUNDED;CONTINENT_DERIVED_FROM_COORDINATES;INSTITUTION_MATCH_FUZZY;COLLECTION_MATCH_FUZZY"
137.051063,-29.91538,"Swainsona phacoides",2830468103,"1 km N of Lees Hill. Stuart Creek Station","AUS",1000,1989,"PRESERVED_SPECIMEN","COORDINATE_ROUNDED;CONTINENT_DERIVED_FROM_COORDINATES;INSTITUTION_MATCH_FUZZY;COLLECTION_MATCH_FUZZY"
140.195278,-27.652222,"Swainsona phacoides",2828830090,"Track N Gidgealpa Ford (Embarka Waterhole)","AUS",15,2007,"PRESERVED_SPECIMEN","COORDINATE_ROUNDED;CONTINENT_DERIVED_FROM_COORDINATES;INSTITUTION_MATCH_FUZZY;COLLECTION_MATCH_FUZZY"
137.151083,-32.115389,"Swainsona phacoides",2829349080,"Yudnapinna Homestead","AUS",1000,1966,"PRESERVED_SPECIMEN","COORDINATE_ROUNDED;CONTINENT_DERIVED_FROM_COORDINATES;INSTITUTION_MATCH_FUZZY;COLLECTION_MATCH_FUZZY"
135.435556,-31.596667,"Swainsona phacoides",2828873258,"Along roadside on road to Moonaree from Kokatha (N of turnoff to Lake Everard)","AUS",15,2009,"PRESERVED_SPECIMEN","COORDINATE_ROUNDED;CONTINENT_DERIVED_FROM_COORDINATES;INSTITUTION_MATCH_FUZZY;COLLECTION_MATCH_FUZZY"
137.633333,-31.633333,"Swainsona phacoides",2828905814,"Towards L[ake] Torrens, South Gap Station","AUS",1000,1992,"PRESERVED_SPECIMEN","CONTINENT_DERIVED_FROM_COORDINATES;INSTITUTION_MATCH_FUZZY;COLLECTION_MATCH_FUZZY"
133.258056,-26.473611,"Swainsona phacoides",2827491787,"c. 80 km N of Marla","AUS",150,1997,"PRESERVED_SPECIMEN","CONTINENT_DERIVED_FROM_COORDINATES;INSTITUTION_MATCH_FUZZY;COLLECTION_MATCH_FUZZY"
139.609555,-24.556825,"Swainsona phacoides",2418800257,"QNC Trip, Site 12, 1km SE of 'Cluny'.","AUS",2000,1978,"PRESERVED_SPECIMEN","COORDINATE_ROUNDED;CONTINENT_DERIVED_FROM_COORDINATES;INSTITUTION_MATCH_FUZZY;COLLECTION_MATCH_NONE"
146.012585,-29.287893,"Swainsona phacoides",4016913329,"18km E of Enngonia.","AUS",100,2004,"PRESERVED_SPECIMEN","COORDINATE_ROUNDED;CONTINENT_DERIVED_FROM_COORDINATES;INSTITUTION_MATCH_FUZZY;COLLECTION_MATCH_NONE"
138.689536,-25.169987,"Swainsona phacoides",2418575920,"'Adria Downs'.","AUS",100,2008,"PRESERVED_SPECIMEN","COORDINATE_ROUNDED;CONTINENT_DERIVED_FROM_COORDINATES;INSTITUTION_MATCH_FUZZY;COLLECTION_MATCH_NONE"
139.543889,-24.124444,"Swainsona phacoides",2418762880,"c. 33km north of Bedourie on road (Diamantina Development Road) to Boulia.","AUS",100,2010,"PRESERVED_SPECIMEN","CONTINENT_DERIVED_FROM_COORDINATES;INSTITUTION_MATCH_FUZZY;COLLECTION_MATCH_NONE"
139.442909,-25.906832,"Swainsona phacoides",2418425222,"ca 9km E of Birdsville.","AUS",2000,1988,"PRESERVED_SPECIMEN","COORDINATE_ROUNDED;CONTINENT_DERIVED_FROM_COORDINATES;INSTITUTION_MATCH_FUZZY;COLLECTION_MATCH_NONE"
141.00122,-25.995017,"Swainsona phacoides",2418407212,"Haddon Corner.","AUS",100,2000,"PRESERVED_SPECIMEN","COORDINATE_ROUNDED;CONTINENT_DERIVED_FROM_COORDINATES;INSTITUTION_MATCH_FUZZY;COLLECTION_MATCH_NONE"
133.540861,-23.780627,"Swainsona phacoides",4016904588,"c. 42km W of Alice Springs, on Larapinta Drive.","AUS",100,2011,"PRESERVED_SPECIMEN","COORDINATE_ROUNDED;CONTINENT_DERIVED_FROM_COORDINATES;INSTITUTION_MATCH_FUZZY;COLLECTION_MATCH_NONE"
138.245556,-23.328333,"Swainsona phacoides",2418544880,"Cravens Peak,11.1km south along shotline track from Ocean Bore - Painted Gorge track, 135km south west of Boulia.","AUS",100,2010,"PRESERVED_SPECIMEN","CONTINENT_DERIVED_FROM_COORDINATES;INSTITUTION_MATCH_FUZZY;COLLECTION_MATCH_NONE"
148.074182,-25.576767,"Swainsona phacoides",2418405894,"25.1km N of 'Womblebank', NW of Injune.","AUS",100,1998,"PRESERVED_SPECIMEN","COORDINATE_ROUNDED;CONTINENT_DERIVED_FROM_COORDINATES;INSTITUTION_MATCH_FUZZY;COLLECTION_MATCH_NONE"
140.671667,-27.381667,"Swainsona phacoides",4016968242,"Innamincka site 1 grazing exclosure study; N of Bartons Bore.","AUS",100,2010,"PRESERVED_SPECIMEN","COORDINATE_ROUNDED;CONTINENT_DERIVED_FROM_COORDINATES;INSTITUTION_MATCH_FUZZY;COLLECTION_MATCH_NONE"
148.576123,-26.323431,"Swainsona phacoides",2418834084,"'Stanhope Downs', 44km by road NW of Roma on Orallo Road, junction of W end of Eumina Lane and Orallo Road.","AUS",2000,1996,"PRESERVED_SPECIMEN","COORDINATE_ROUNDED;CONTINENT_DERIVED_FROM_COORDINATES;INSTITUTION_MATCH_FUZZY;COLLECTION_MATCH_NONE"
139.492888,-24.406829,"Swainsona phacoides",2418896301,"Sandhills just south of Bedourie.","AUS",2000,1995,"PRESERVED_SPECIMEN","COORDINATE_ROUNDED;CONTINENT_DERIVED_FROM_COORDINATES;INSTITUTION_MATCH_FUZZY;COLLECTION_MATCH_NONE"
147.218611,-28.978889,"Swainsona phacoides",2418820218,"Culgoa Floodplain National Park, at new ranger accommodation, SW of Dirranbandi, South Central Queensland.","AUS",100,2004,"PRESERVED_SPECIMEN","COORDINATE_ROUNDED;CONTINENT_DERIVED_FROM_COORDINATES;INSTITUTION_MATCH_FUZZY;COLLECTION_MATCH_NONE"
147.960556,-26.480278,"Swainsona phacoides",2418575919,"Eton Street, Mitchell.","AUS",100,2016,"PRESERVED_SPECIMEN","COORDINATE_ROUNDED;CONTINENT_DERIVED_FROM_COORDINATES;INSTITUTION_MATCH_FUZZY;COLLECTION_MATCH_NONE"
134.17629,-25.840213,"Swainsona phacoides",4016993609,"90km E of Kulgera on road to Finke.","AUS",2000,1998,"PRESERVED_SPECIMEN","COORDINATE_ROUNDED;CONTINENT_DERIVED_FROM_COORDINATES;INSTITUTION_MATCH_FUZZY;COLLECTION_MATCH_NONE"
139.427687,-24.778428,"Swainsona phacoides",2418756895,"7.4km E of Pampra Hill, Bedourie 1:250,000 mapsheet.","AUS",100,2012,"PRESERVED_SPECIMEN","COORDINATE_ROUNDED;CONTINENT_DERIVED_FROM_COORDINATES;INSTITUTION_MATCH_FUZZY;COLLECTION_MATCH_NONE"
144.201667,-28.0925,"Swainsona phacoides",2595924570,"Lake Bindegolly NP, on sandy lunette next to information centre.","AUS",1000,2019,"PRESERVED_SPECIMEN","INSTITUTION_MATCH_FUZZY;COLLECTION_MATCH_FUZZY"
136.8692,-23.0281,"Swainsona phacoides",2436831146,"Batton Hill. Northern Simpson Desert, Hay River region on Atnetye land (freehold Aboriginal land).","AUS",1000,2007,"PRESERVED_SPECIMEN","INSTITUTION_MATCH_FUZZY;COLLECTION_MATCH_FUZZY"
132.7167,-23.6167,"Swainsona phacoides",2439296092,"Heavitree Range, Ormiston Gorge.","AUS",1000,1974,"PRESERVED_SPECIMEN","INSTITUTION_MATCH_FUZZY;COLLECTION_MATCH_FUZZY"
